Keywords 
"""grommet patio black out curtain"""
"""grommet patio sun block curtain"""
"""grommet patio sun blocking curtain"""
"""grommet patio black out drape"""
"""grommet patio sun block drape"""
"""grommet patio sun blocking drape"""
"""grommet patio black out drapery"""
"""grommet patio sun block drapery"""
"""grommet patio sun blocking drapery"""
"""grommet patio black out panel"""
"""grommet patio sun block panel"""
"""grommet patio sun blocking panel"""
"""grommet patio black out window curtain"""
"""grommet patio sun block window curtain"""
"""grommet patio sun blocking window curtain"""
"""grommet patio black out draperies"""
"""grommet patio sun block draperies"""
"""grommet patio sun blocking draperies"""
"""grommet extra wide black out curtain"""
"""grommet extra wide sun block curtain"""
"""grommet extra wide sun blocking curtain"""
"""grommet extra wide black out drape"""
"""grommet extra wide sun block drape"""
"""grommet extra wide sun blocking drape"""
"""grommet extra wide black out drapery"""
"""grommet extra wide sun block drapery"""
"""grommet extra wide sun blocking drapery"""
"""grommet extra wide black out panel"""
"""grommet extra wide sun block panel"""
"""grommet extra wide sun blocking panel"""
"""grommet extra wide black out window curtain"""
"""grommet extra wide sun block window curtain"""
"""grommet extra wide sun blocking window curtain"""
"""grommet extra wide black out draperies"""
"""grommet extra wide sun block draperies"""
"""grommet extra wide sun blocking draperies"""
"""grommet wide black out curtain"""
"""grommet wide sun block curtain"""
"""grommet wide sun blocking curtain"""
"""grommet wide black out drape"""
"""grommet wide sun block drape"""
"""grommet wide sun blocking drape"""
"""grommet wide black out drapery"""
"""grommet wide sun block drapery"""
"""grommet wide sun blocking drapery"""
"""grommet wide black out panel"""
"""grommet wide sun block panel"""
"""grommet wide sun blocking panel"""
"""grommet wide black out window curtain"""
"""grommet wide sun block window curtain"""
"""grommet wide sun blocking window curtain"""
"""grommet wide black out draperies"""
"""grommet wide sun block draperies"""
"""grommet wide sun blocking draperies"""
"""grommet double black out curtain"""
"""grommet double sun block curtain"""
"""grommet double sun blocking curtain"""
"""grommet double black out drape"""
"""grommet double sun block drape"""
"""grommet double sun blocking drape"""
"""grommet double black out drapery"""
"""grommet double sun block drapery"""
"""grommet double sun blocking drapery"""
"""grommet double black out panel"""
"""grommet double sun block panel"""
"""grommet double sun blocking panel"""
"""grommet double black out window curtain"""
"""grommet double sun block window curtain"""
"""grommet double sun blocking window curtain"""
"""grommet double black out draperies"""
"""grommet double sun block draperies"""
"""grommet double sun blocking draperies"""
"""ring top patio black out curtain"""
"""ring top patio sun block curtain"""
"""ring top patio sun blocking curtain"""
"""ring top patio black out drape"""
"""ring top patio sun block drape"""
"""ring top patio sun blocking drape"""
"""ring top patio black out drapery"""
"""ring top patio sun block drapery"""
"""ring top patio sun blocking drapery"""
"""ring top patio black out panel"""
"""ring top patio sun block panel"""
"""ring top patio sun blocking panel"""
"""ring top patio black out window curtain"""
"""ring top patio sun block window curtain"""
"""ring top patio sun blocking window curtain"""
"""ring top patio black out draperies"""
"""ring top patio sun block draperies"""
"""ring top patio sun blocking draperies"""
"""ring top extra wide black out curtain"""
"""ring top extra wide sun block curtain"""
"""ring top extra wide sun blocking curtain"""
"""ring top extra wide black out drape"""
"""ring top extra wide sun block drape"""
"""ring top extra wide sun blocking drape"""
"""ring top extra wide black out drapery"""
"""ring top extra wide sun block drapery"""
"""ring top extra wide sun blocking drapery"""
"""ring top extra wide black out panel"""
"""ring top extra wide sun block panel"""
"""ring top extra wide sun blocking panel"""
"""ring top extra wide black out window curtain"""
"""ring top extra wide sun block window curtain"""
"""ring top extra wide sun blocking window curtain"""
"""ring top extra wide black out draperies"""
"""ring top extra wide sun block draperies"""
"""ring top extra wide sun blocking draperies"""
"""ring top wide black out curtain"""
"""ring top wide sun block curtain"""
"""ring top wide sun blocking curtain"""
"""ring top wide black out drape"""
"""ring top wide sun block drape"""
"""ring top wide sun blocking drape"""
"""ring top wide black out drapery"""
"""ring top wide sun block drapery"""
"""ring top wide sun blocking drapery"""
"""ring top wide black out panel"""
"""ring top wide sun block panel"""
"""ring top wide sun blocking panel"""
"""ring top wide black out window curtain"""
"""ring top wide sun block window curtain"""
"""ring top wide sun blocking window curtain"""
"""ring top wide black out draperies"""
"""ring top wide sun block draperies"""
"""ring top wide sun blocking draperies"""
"""ring top double black out curtain"""
"""ring top double sun block curtain"""
"""ring top double sun blocking curtain"""
"""ring top double black out drape"""
"""ring top double sun block drape"""
"""ring top double sun blocking drape"""
"""ring top double black out drapery"""
"""ring top double sun block drapery"""
"""ring top double sun blocking drapery"""
"""ring top double black out panel"""
"""ring top double sun block panel"""
"""ring top double sun blocking panel"""
"""ring top double black out window curtain"""
"""ring top double sun block window curtain"""
"""ring top double sun blocking window curtain"""
"""ring top double black out draperies"""
"""ring top double sun block draperies"""
"""ring top double sun blocking draperies"""
"""coastal patio black out curtain"""
"""coastal patio sun block curtain"""
"""coastal patio sun blocking curtain"""
"""coastal patio black out drape"""
"""coastal patio sun block drape"""
"""coastal patio sun blocking drape"""
"""coastal patio black out drapery"""
"""coastal patio sun block drapery"""
"""coastal patio sun blocking drapery"""
"""coastal patio black out panel"""
"""coastal patio sun block panel"""
"""coastal patio sun blocking panel"""
"""coastal patio black out window curtain"""
"""coastal patio sun block window curtain"""
"""coastal patio sun blocking window curtain"""
"""coastal patio black out draperies"""
"""coastal patio sun block draperies"""
"""coastal patio sun blocking draperies"""
"""coastal extra wide black out curtain"""
"""coastal extra wide sun block curtain"""
"""coastal extra wide sun blocking curtain"""
"""coastal extra wide black out drape"""
"""coastal extra wide sun block drape"""
"""coastal extra wide sun blocking drape"""
"""coastal extra wide black out drapery"""
"""coastal extra wide sun block drapery"""
"""coastal extra wide sun blocking drapery"""
"""coastal extra wide black out panel"""
"""coastal extra wide sun block panel"""
"""coastal extra wide sun blocking panel"""
"""coastal extra wide black out window curtain"""
"""coastal extra wide sun block window curtain"""
"""coastal extra wide sun blocking window curtain"""
"""coastal extra wide black out draperies"""
"""coastal extra wide sun block draperies"""
"""coastal extra wide sun blocking draperies"""
"""coastal wide black out curtain"""
"""coastal wide sun block curtain"""
"""coastal wide sun blocking curtain"""
"""coastal wide black out drape"""
"""coastal wide sun block drape"""
"""coastal wide sun blocking drape"""
"""coastal wide black out drapery"""
"""coastal wide sun block drapery"""
"""coastal wide sun blocking drapery"""
"""coastal wide black out panel"""
"""coastal wide sun block panel"""
"""coastal wide sun blocking panel"""
"""coastal wide black out window curtain"""
"""coastal wide sun block window curtain"""
"""coastal wide sun blocking window curtain"""
"""coastal wide black out draperies"""
"""coastal wide sun block draperies"""
"""coastal wide sun blocking draperies"""
"""coastal double black out curtain"""
"""coastal double sun block curtain"""
"""coastal double sun blocking curtain"""
"""coastal double black out drape"""
"""coastal double sun block drape"""
"""coastal double sun blocking drape"""
"""coastal double black out drapery"""
"""coastal double sun block drapery"""
"""coastal double sun blocking drapery"""
"""coastal double black out panel"""
"""coastal double sun block panel"""
"""coastal double sun blocking panel"""
"""coastal double black out window curtain"""
"""coastal double sun block window curtain"""
"""coastal double sun blocking window curtain"""
"""coastal double black out draperies"""
"""coastal double sun block draperies"""
"""coastal double sun blocking draperies"""
"""patio 84 black out curtain"""
"""patio 84 sun block curtain"""
"""patio 84 sun blocking curtain"""
"""patio 84 black out drape"""
"""patio 84 sun block drape"""
"""patio 84 sun blocking drape"""
"""patio 84 black out drapery"""
"""patio 84 sun block drapery"""
"""patio 84 sun blocking drapery"""
"""patio 84 black out panel"""
"""patio 84 sun block panel"""
"""patio 84 sun blocking panel"""
"""patio 84 black out window curtain"""
"""patio 84 sun block window curtain"""
"""patio 84 sun blocking window curtain"""
"""patio 84 black out draperies"""
"""patio 84 sun block draperies"""
"""patio 84 sun blocking draperies"""
"""patio 85 black out curtain"""
"""patio 85 sun block curtain"""
"""patio 85 sun blocking curtain"""
"""patio 85 black out drape"""
"""patio 85 sun block drape"""
"""patio 85 sun blocking drape"""
"""patio 85 black out drapery"""
"""patio 85 sun block drapery"""
"""patio 85 sun blocking drapery"""
"""patio 85 black out panel"""
"""patio 85 sun block panel"""
"""patio 85 sun blocking panel"""
"""patio 85 black out window curtain"""
"""patio 85 sun block window curtain"""
"""patio 85 sun blocking window curtain"""
"""patio 85 black out draperies"""
"""patio 85 sun block draperies"""
"""patio 85 sun blocking draperies"""
"""patio 86 black out curtain"""
"""patio 86 sun block curtain"""
"""patio 86 sun blocking curtain"""
"""patio 86 black out drape"""
"""patio 86 sun block drape"""
"""patio 86 sun blocking drape"""
"""patio 86 black out drapery"""
"""patio 86 sun block drapery"""
"""patio 86 sun blocking drapery"""
"""patio 86 black out panel"""
"""patio 86 sun block panel"""
"""patio 86 sun blocking panel"""
"""patio 86 black out window curtain"""
"""patio 86 sun block window curtain"""
"""patio 86 sun blocking window curtain"""
"""patio 86 black out draperies"""
"""patio 86 sun block draperies"""
"""patio 86 sun blocking draperies"""
"""patio 95 black out curtain"""
"""patio 95 sun block curtain"""
"""patio 95 sun blocking curtain"""
"""patio 95 black out drape"""
"""patio 95 sun block drape"""
"""patio 95 sun blocking drape"""
"""patio 95 black out drapery"""
"""patio 95 sun block drapery"""
"""patio 95 sun blocking drapery"""
"""patio 95 black out panel"""
"""patio 95 sun block panel"""
"""patio 95 sun blocking panel"""
"""patio 95 black out window curtain"""
"""patio 95 sun block window curtain"""
"""patio 95 sun blocking window curtain"""
"""patio 95 black out draperies"""
"""patio 95 sun block draperies"""
"""patio 95 sun blocking draperies"""
"""patio 96 black out curtain"""
"""patio 96 sun block curtain"""
"""patio 96 sun blocking curtain"""
"""patio 96 black out drape"""
"""patio 96 sun block drape"""
"""patio 96 sun blocking drape"""
"""patio 96 black out drapery"""
"""patio 96 sun block drapery"""
"""patio 96 sun blocking drapery"""
"""patio 96 black out panel"""
"""patio 96 sun block panel"""
"""patio 96 sun blocking panel"""
"""patio 96 black out window curtain"""
"""patio 96 sun block window curtain"""
"""patio 96 sun blocking window curtain"""
"""patio 96 black out draperies"""
"""patio 96 sun block draperies"""
"""patio 96 sun blocking draperies"""
"""patio 97 black out curtain"""
"""patio 97 sun block curtain"""
"""patio 97 sun blocking curtain"""
"""patio 97 black out drape"""
"""patio 97 sun block drape"""
"""patio 97 sun blocking drape"""
"""patio 97 black out drapery"""
"""patio 97 sun block drapery"""
"""patio 97 sun blocking drapery"""
"""patio 97 black out panel"""
"""patio 97 sun block panel"""
"""patio 97 sun blocking panel"""
"""patio 97 black out window curtain"""
"""patio 97 sun block window curtain"""
"""patio 97 sun blocking window curtain"""
"""patio 97 black out draperies"""
"""patio 97 sun block draperies"""
"""patio 97 sun blocking draperies"""
"""patio 107 black out curtain"""
"""patio 107 sun block curtain"""
"""patio 107 sun blocking curtain"""
"""patio 107 black out drape"""
"""patio 107 sun block drape"""
"""patio 107 sun blocking drape"""
"""patio 107 black out drapery"""
"""patio 107 sun block drapery"""
"""patio 107 sun blocking drapery"""
"""patio 107 black out panel"""
"""patio 107 sun block panel"""
"""patio 107 sun blocking panel"""
"""patio 107 black out window curtain"""
"""patio 107 sun block window curtain"""
"""patio 107 sun blocking window curtain"""
"""patio 107 black out draperies"""
"""patio 107 sun block draperies"""
"""patio 107 sun blocking draperies"""
"""patio 108 black out curtain"""
"""patio 108 sun block curtain"""
"""patio 108 sun blocking curtain"""
"""patio 108 black out drape"""
"""patio 108 sun block drape"""
"""patio 108 sun blocking drape"""
"""patio 108 black out drapery"""
"""patio 108 sun block drapery"""
"""patio 108 sun blocking drapery"""
"""patio 108 black out panel"""
"""patio 108 sun block panel"""
"""patio 108 sun blocking panel"""
"""patio 108 black out window curtain"""
"""patio 108 sun block window curtain"""
"""patio 108 sun blocking window curtain"""
"""patio 108 black out draperies"""
"""patio 108 sun block draperies"""
"""patio 108 sun blocking draperies"""
"""patio 109 black out curtain"""
"""patio 109 sun block curtain"""
"""patio 109 sun blocking curtain"""
"""patio 109 black out drape"""
"""patio 109 sun block drape"""
"""patio 109 sun blocking drape"""
"""patio 109 black out drapery"""
"""patio 109 sun block drapery"""
"""patio 109 sun blocking drapery"""
"""patio 109 black out panel"""
"""patio 109 sun block panel"""
"""patio 109 sun blocking panel"""
"""patio 109 black out window curtain"""
"""patio 109 sun block window curtain"""
"""patio 109 sun blocking window curtain"""
"""patio 109 black out draperies"""
"""patio 109 sun block draperies"""
"""patio 109 sun blocking draperies"""
"""patio 110 black out curtain"""
"""patio 110 sun block curtain"""
"""patio 110 sun blocking curtain"""
"""patio 110 black out drape"""
"""patio 110 sun block drape"""
"""patio 110 sun blocking drape"""
"""patio 110 black out drapery"""
"""patio 110 sun block drapery"""
"""patio 110 sun blocking drapery"""
"""patio 110 black out panel"""
"""patio 110 sun block panel"""
"""patio 110 sun blocking panel"""
"""patio 110 black out window curtain"""
"""patio 110 sun block window curtain"""
"""patio 110 sun blocking window curtain"""
"""patio 110 black out draperies"""
"""patio 110 sun block draperies"""
"""patio 110 sun blocking draperies"""
"""patio grommet black out curtain"""
"""patio grommet sun block curtain"""
"""patio grommet sun blocking curtain"""
"""patio grommet black out drape"""
"""patio grommet sun block drape"""
"""patio grommet sun blocking drape"""
"""patio grommet black out drapery"""
"""patio grommet sun block drapery"""
"""patio grommet sun blocking drapery"""
"""patio grommet black out panel"""
"""patio grommet sun block panel"""
"""patio grommet sun blocking panel"""
"""patio grommet black out window curtain"""
"""patio grommet sun block window curtain"""
"""patio grommet sun blocking window curtain"""
"""patio grommet black out draperies"""
"""patio grommet sun block draperies"""
"""patio grommet sun blocking draperies"""
"""patio coastal black out curtain"""
"""patio coastal sun block curtain"""
"""patio coastal sun blocking curtain"""
"""patio coastal black out drape"""
"""patio coastal sun block drape"""
"""patio coastal sun blocking drape"""
"""patio coastal black out drapery"""
"""patio coastal sun block drapery"""
"""patio coastal sun blocking drapery"""
"""patio coastal black out panel"""
"""patio coastal sun block panel"""
"""patio coastal sun blocking panel"""
"""patio coastal black out window curtain"""
"""patio coastal sun block window curtain"""
"""patio coastal sun blocking window curtain"""
"""patio coastal black out draperies"""
"""patio coastal sun block draperies"""
"""patio coastal sun blocking draperies"""
"""patio heavy black out curtain"""
"""patio heavy sun block curtain"""
"""patio heavy sun blocking curtain"""
"""patio heavy black out drape"""
"""patio heavy sun block drape"""
"""patio heavy sun blocking drape"""
"""patio heavy black out drapery"""
"""patio heavy sun block drapery"""
"""patio heavy sun blocking drapery"""
"""patio heavy black out panel"""
"""patio heavy sun block panel"""
"""patio heavy sun blocking panel"""
"""patio heavy black out window curtain"""
"""patio heavy sun block window curtain"""
"""patio heavy sun blocking window curtain"""
"""patio heavy black out draperies"""
"""patio heavy sun block draperies"""
"""patio heavy sun blocking draperies"""
"""patio modern black out curtain"""
"""patio modern sun block curtain"""
"""patio modern sun blocking curtain"""
"""patio modern black out drape"""
"""patio modern sun block drape"""
"""patio modern sun blocking drape"""
"""patio modern black out drapery"""
"""patio modern sun block drapery"""
"""patio modern sun blocking drapery"""
"""patio modern black out panel"""
"""patio modern sun block panel"""
"""patio modern sun blocking panel"""
"""patio modern black out window curtain"""
"""patio modern sun block window curtain"""
"""patio modern sun blocking window curtain"""
"""patio modern black out draperies"""
"""patio modern sun block draperies"""
"""patio modern sun blocking draperies"""
"""patio woven black out curtain"""
"""patio woven sun block curtain"""
"""patio woven sun blocking curtain"""
"""patio woven black out drape"""
"""patio woven sun block drape"""
"""patio woven sun blocking drape"""
"""patio woven black out drapery"""
"""patio woven sun block drapery"""
"""patio woven sun blocking drapery"""
"""patio woven black out panel"""
"""patio woven sun block panel"""
"""patio woven sun blocking panel"""
"""patio woven black out window curtain"""
"""patio woven sun block window curtain"""
"""patio woven sun blocking window curtain"""
"""patio woven black out draperies"""
"""patio woven sun block draperies"""
"""patio woven sun blocking draperies"""
"""patio linen black out curtain"""
"""patio linen sun block curtain"""
"""patio linen sun blocking curtain"""
"""patio linen black out drape"""
"""patio linen sun block drape"""
"""patio linen sun blocking drape"""
"""patio linen black out drapery"""
"""patio linen sun block drapery"""
"""patio linen sun blocking drapery"""
"""patio linen black out panel"""
"""patio linen sun block panel"""
"""patio linen sun blocking panel"""
"""patio linen black out window curtain"""
"""patio linen sun block window curtain"""
"""patio linen sun blocking window curtain"""
"""patio linen black out draperies"""
"""patio linen sun block draperies"""
"""patio linen sun blocking draperies"""
"""patio texture black out curtain"""
"""patio texture sun block curtain"""
"""patio texture sun blocking curtain"""
"""patio texture black out drape"""
"""patio texture sun block drape"""
"""patio texture sun blocking drape"""
"""patio texture black out drapery"""
"""patio texture sun block drapery"""
"""patio texture sun blocking drapery"""
"""patio texture black out panel"""
"""patio texture sun block panel"""
"""patio texture sun blocking panel"""
"""patio texture black out window curtain"""
"""patio texture sun block window curtain"""
"""patio texture sun blocking window curtain"""
"""patio texture black out draperies"""
"""patio texture sun block draperies"""
"""patio texture sun blocking draperies"""
"""patio tweed black out curtain"""
"""patio tweed sun block curtain"""
"""patio tweed sun blocking curtain"""
"""patio tweed black out drape"""
"""patio tweed sun block drape"""
"""patio tweed sun blocking drape"""
"""patio tweed black out drapery"""
"""patio tweed sun block drapery"""
"""patio tweed sun blocking drapery"""
"""patio tweed black out panel"""
"""patio tweed sun block panel"""
"""patio tweed sun blocking panel"""
"""patio tweed black out window curtain"""
"""patio tweed sun block window curtain"""
"""patio tweed sun blocking window curtain"""
"""patio tweed black out draperies"""
"""patio tweed sun block draperies"""
"""patio tweed sun blocking draperies"""
"""patio chambray black out curtain"""
"""patio chambray sun block curtain"""
"""patio chambray sun blocking curtain"""
"""patio chambray black out drape"""
"""patio chambray sun block drape"""
"""patio chambray sun blocking drape"""
"""patio chambray black out drapery"""
"""patio chambray sun block drapery"""
"""patio chambray sun blocking drapery"""
"""patio chambray black out panel"""
"""patio chambray sun block panel"""
"""patio chambray sun blocking panel"""
"""patio chambray black out window curtain"""
"""patio chambray sun block window curtain"""
"""patio chambray sun blocking window curtain"""
"""patio chambray black out draperies"""
"""patio chambray sun block draperies"""
"""patio chambray sun blocking draperies"""
"""patio ring top black out curtain"""
"""patio ring top sun block curtain"""
"""patio ring top sun blocking curtain"""
"""patio ring top black out drape"""
"""patio ring top sun block drape"""
"""patio ring top sun blocking drape"""
"""patio ring top black out drapery"""
"""patio ring top sun block drapery"""
"""patio ring top sun blocking drapery"""
"""patio ring top black out panel"""
"""patio ring top sun block panel"""
"""patio ring top sun blocking panel"""
"""patio ring top black out window curtain"""
"""patio ring top sun block window curtain"""
"""patio ring top sun blocking window curtain"""
"""patio ring top black out draperies"""
"""patio ring top sun block draperies"""
"""patio ring top sun blocking draperies"""
"""patio farmhouse black out curtain"""
"""patio farmhouse sun block curtain"""
"""patio farmhouse sun blocking curtain"""
"""patio farmhouse black out drape"""
"""patio farmhouse sun block drape"""
"""patio farmhouse sun blocking drape"""
"""patio farmhouse black out drapery"""
"""patio farmhouse sun block drapery"""
"""patio farmhouse sun blocking drapery"""
"""patio farmhouse black out panel"""
"""patio farmhouse sun block panel"""
"""patio farmhouse sun blocking panel"""
"""patio farmhouse black out window curtain"""
"""patio farmhouse sun block window curtain"""
"""patio farmhouse sun blocking window curtain"""
"""patio farmhouse black out draperies"""
"""patio farmhouse sun block draperies"""
"""patio farmhouse sun blocking draperies"""
"""patio farm house black out curtain"""
"""patio farm house sun block curtain"""
"""patio farm house sun blocking curtain"""
"""patio farm house black out drape"""
"""patio farm house sun block drape"""
"""patio farm house sun blocking drape"""
"""patio farm house black out drapery"""
"""patio farm house sun block drapery"""
"""patio farm house sun blocking drapery"""
"""patio farm house black out panel"""
"""patio farm house sun block panel"""
"""patio farm house sun blocking panel"""
"""patio farm house black out window curtain"""
"""patio farm house sun block window curtain"""
"""patio farm house sun blocking window curtain"""
"""patio farm house black out draperies"""
"""patio farm house sun block draperies"""
"""patio farm house sun blocking draperies"""
"""patio semi sheer black out curtain"""
"""patio semi sheer sun block curtain"""
"""patio semi sheer sun blocking curtain"""
"""patio semi sheer black out drape"""
"""patio semi sheer sun block drape"""
"""patio semi sheer sun blocking drape"""
"""patio semi sheer black out drapery"""
"""patio semi sheer sun block drapery"""
"""patio semi sheer sun blocking drapery"""
"""patio semi sheer black out panel"""
"""patio semi sheer sun block panel"""
"""patio semi sheer sun blocking panel"""
"""patio semi sheer black out window curtain"""
"""patio semi sheer sun block window curtain"""
"""patio semi sheer sun blocking window curtain"""
"""patio semi sheer black out draperies"""
"""patio semi sheer sun block draperies"""
"""patio semi sheer sun blocking draperies"""
"""patio rustic black out curtain"""
"""patio rustic sun block curtain"""
"""patio rustic sun blocking curtain"""
"""patio rustic black out drape"""
"""patio rustic sun block drape"""
"""patio rustic sun blocking drape"""
"""patio rustic black out drapery"""
"""patio rustic sun block drapery"""
"""patio rustic sun blocking drapery"""
"""patio rustic black out panel"""
"""patio rustic sun block panel"""
"""patio rustic sun blocking panel"""
"""patio rustic black out window curtain"""
"""patio rustic sun block window curtain"""
"""patio rustic sun blocking window curtain"""
"""patio rustic black out draperies"""
"""patio rustic sun block draperies"""
"""patio rustic sun blocking draperies"""
"""patio thermal black out curtain"""
"""patio thermal sun block curtain"""
"""patio thermal sun blocking curtain"""
"""patio thermal black out drape"""
"""patio thermal sun block drape"""
"""patio thermal sun blocking drape"""
"""patio thermal black out drapery"""
"""patio thermal sun block drapery"""
"""patio thermal sun blocking drapery"""
"""patio thermal black out panel"""
"""patio thermal sun block panel"""
"""patio thermal sun blocking panel"""
"""patio thermal black out window curtain"""
"""patio thermal sun block window curtain"""
"""patio thermal sun blocking window curtain"""
"""patio thermal black out draperies"""
"""patio thermal sun block draperies"""
"""patio thermal sun blocking draperies"""
"""patio insulated black out curtain"""
"""patio insulated sun block curtain"""
"""patio insulated sun blocking curtain"""
"""patio insulated black out drape"""
"""patio insulated sun block drape"""
"""patio insulated sun blocking drape"""
"""patio insulated black out drapery"""
"""patio insulated sun block drapery"""
"""patio insulated sun blocking drapery"""
"""patio insulated black out panel"""
"""patio insulated sun block panel"""
"""patio insulated sun blocking panel"""
"""patio insulated black out window curtain"""
"""patio insulated sun block window curtain"""
"""patio insulated sun blocking window curtain"""
"""patio insulated black out draperies"""
"""patio insulated sun block draperies"""
"""patio insulated sun blocking draperies"""
"""patio insulate black out curtain"""
"""patio insulate sun block curtain"""
"""patio insulate sun blocking curtain"""
"""patio insulate black out drape"""
"""patio insulate sun block drape"""
"""patio insulate sun blocking drape"""
"""patio insulate black out drapery"""
"""patio insulate sun block drapery"""
"""patio insulate sun blocking drapery"""
"""patio insulate black out panel"""
"""patio insulate sun block panel"""
"""patio insulate sun blocking panel"""
"""patio insulate black out window curtain"""
"""patio insulate sun block window curtain"""
"""patio insulate sun blocking window curtain"""
"""patio insulate black out draperies"""
"""patio insulate sun block draperies"""
"""patio insulate sun blocking draperies"""
"""patio sound black out curtain"""
"""patio sound sun block curtain"""
"""patio sound sun blocking curtain"""
"""patio sound black out drape"""
"""patio sound sun block drape"""
"""patio sound sun blocking drape"""
"""patio sound black out drapery"""
"""patio sound sun block drapery"""
"""patio sound sun blocking drapery"""
"""patio sound black out panel"""
"""patio sound sun block panel"""
"""patio sound sun blocking panel"""
"""patio sound black out window curtain"""
"""patio sound sun block window curtain"""
"""patio sound sun blocking window curtain"""
"""patio sound black out draperies"""
"""patio sound sun block draperies"""
"""patio sound sun blocking draperies"""
"""patio patio black out curtain"""
"""patio patio sun block curtain"""
"""patio patio sun blocking curtain"""
"""patio patio black out drape"""
"""patio patio sun block drape"""
"""patio patio sun blocking drape"""
"""patio patio black out drapery"""
"""patio patio sun block drapery"""
"""patio patio sun blocking drapery"""
"""patio patio black out panel"""
"""patio patio sun block panel"""
"""patio patio sun blocking panel"""
"""patio patio black out window curtain"""
"""patio patio sun block window curtain"""
"""patio patio sun blocking window curtain"""
"""patio patio black out draperies"""
"""patio patio sun block draperies"""
"""patio patio sun blocking draperies"""
"""patio extra wide black out curtain"""
"""patio extra wide sun block curtain"""
"""patio extra wide sun blocking curtain"""
"""patio extra wide black out drape"""
"""patio extra wide sun block drape"""
"""patio extra wide sun blocking drape"""
"""patio extra wide black out drapery"""
"""patio extra wide sun block drapery"""
"""patio extra wide sun blocking drapery"""
"""patio extra wide black out panel"""
"""patio extra wide sun block panel"""
"""patio extra wide sun blocking panel"""
"""patio extra wide black out window curtain"""
"""patio extra wide sun block window curtain"""
"""patio extra wide sun blocking window curtain"""
"""patio extra wide black out draperies"""
"""patio extra wide sun block draperies"""
"""patio extra wide sun blocking draperies"""
"""patio wide black out curtain"""
"""patio wide sun block curtain"""
"""patio wide sun blocking curtain"""
"""patio wide black out drape"""
"""patio wide sun block drape"""
"""patio wide sun blocking drape"""
"""patio wide black out drapery"""
"""patio wide sun block drapery"""
"""patio wide sun blocking drapery"""
"""patio wide black out panel"""
"""patio wide sun block panel"""
"""patio wide sun blocking panel"""
"""patio wide black out window curtain"""
"""patio wide sun block window curtain"""
"""patio wide sun blocking window curtain"""
"""patio wide black out draperies"""
"""patio wide sun block draperies"""
"""patio wide sun blocking draperies"""
"""patio double black out curtain"""
"""patio double sun block curtain"""
"""patio double sun blocking curtain"""
"""patio double black out drape"""
"""patio double sun block drape"""
"""patio double sun blocking drape"""
"""patio double black out drapery"""
"""patio double sun block drapery"""
"""patio double sun blocking drapery"""
"""patio double black out panel"""
"""patio double sun block panel"""
"""patio double sun blocking panel"""
"""patio double black out window curtain"""
"""patio double sun block window curtain"""
"""patio double sun blocking window curtain"""
"""patio double black out draperies"""
"""patio double sun block draperies"""
"""patio double sun blocking draperies"""
"""patio boho black out curtain"""
"""patio boho sun block curtain"""
"""patio boho sun blocking curtain"""
"""patio boho black out drape"""
"""patio boho sun block drape"""
"""patio boho sun blocking drape"""
"""patio boho black out drapery"""
"""patio boho sun block drapery"""
"""patio boho sun blocking drapery"""
"""patio boho black out panel"""
"""patio boho sun block panel"""
"""patio boho sun blocking panel"""
"""patio boho black out window curtain"""
"""patio boho sun block window curtain"""
"""patio boho sun blocking window curtain"""
"""patio boho black out draperies"""
"""patio boho sun block draperies"""
"""patio boho sun blocking draperies"""
"""patio bohemian black out curtain"""
"""patio bohemian sun block curtain"""
"""patio bohemian sun blocking curtain"""
"""patio bohemian black out drape"""
"""patio bohemian sun block drape"""
"""patio bohemian sun blocking drape"""
"""patio bohemian black out drapery"""
"""patio bohemian sun block drapery"""
"""patio bohemian sun blocking drapery"""
"""patio bohemian black out panel"""
"""patio bohemian sun block panel"""
"""patio bohemian sun blocking panel"""
"""patio bohemian black out window curtain"""
"""patio bohemian sun block window curtain"""
"""patio bohemian sun blocking window curtain"""
"""patio bohemian black out draperies"""
"""patio bohemian sun block draperies"""
"""patio bohemian sun blocking draperies"""
"""extra wide 84 black out curtain"""
"""extra wide 84 sun block curtain"""
"""extra wide 84 sun blocking curtain"""
"""extra wide 84 black out drape"""
"""extra wide 84 sun block drape"""
"""extra wide 84 sun blocking drape"""
"""extra wide 84 black out drapery"""
"""extra wide 84 sun block drapery"""
"""extra wide 84 sun blocking drapery"""
"""extra wide 84 black out panel"""
"""extra wide 84 sun block panel"""
"""extra wide 84 sun blocking panel"""
"""extra wide 84 black out window curtain"""
"""extra wide 84 sun block window curtain"""
"""extra wide 84 sun blocking window curtain"""
"""extra wide 84 black out draperies"""
"""extra wide 84 sun block draperies"""
"""extra wide 84 sun blocking draperies"""
"""extra wide 85 black out curtain"""
"""extra wide 85 sun block curtain"""
"""extra wide 85 sun blocking curtain"""
"""extra wide 85 black out drape"""
"""extra wide 85 sun block drape"""
"""extra wide 85 sun blocking drape"""
"""extra wide 85 black out drapery"""
"""extra wide 85 sun block drapery"""
"""extra wide 85 sun blocking drapery"""
"""extra wide 85 black out panel"""
"""extra wide 85 sun block panel"""
"""extra wide 85 sun blocking panel"""
"""extra wide 85 black out window curtain"""
"""extra wide 85 sun block window curtain"""
"""extra wide 85 sun blocking window curtain"""
"""extra wide 85 black out draperies"""
"""extra wide 85 sun block draperies"""
"""extra wide 85 sun blocking draperies"""
"""extra wide 86 black out curtain"""
"""extra wide 86 sun block curtain"""
"""extra wide 86 sun blocking curtain"""
"""extra wide 86 black out drape"""
"""extra wide 86 sun block drape"""
"""extra wide 86 sun blocking drape"""
"""extra wide 86 black out drapery"""
"""extra wide 86 sun block drapery"""
"""extra wide 86 sun blocking drapery"""
"""extra wide 86 black out panel"""
"""extra wide 86 sun block panel"""
"""extra wide 86 sun blocking panel"""
"""extra wide 86 black out window curtain"""
"""extra wide 86 sun block window curtain"""
"""extra wide 86 sun blocking window curtain"""
"""extra wide 86 black out draperies"""
"""extra wide 86 sun block draperies"""
"""extra wide 86 sun blocking draperies"""
"""extra wide 95 black out curtain"""
"""extra wide 95 sun block curtain"""
"""extra wide 95 sun blocking curtain"""
"""extra wide 95 black out drape"""
"""extra wide 95 sun block drape"""
"""extra wide 95 sun blocking drape"""
"""extra wide 95 black out drapery"""
"""extra wide 95 sun block drapery"""
"""extra wide 95 sun blocking drapery"""
"""extra wide 95 black out panel"""
"""extra wide 95 sun block panel"""
"""extra wide 95 sun blocking panel"""
"""extra wide 95 black out window curtain"""
"""extra wide 95 sun block window curtain"""
"""extra wide 95 sun blocking window curtain"""
"""extra wide 95 black out draperies"""
"""extra wide 95 sun block draperies"""
"""extra wide 95 sun blocking draperies"""
"""extra wide 96 black out curtain"""
"""extra wide 96 sun block curtain"""
"""extra wide 96 sun blocking curtain"""
"""extra wide 96 black out drape"""
"""extra wide 96 sun block drape"""
"""extra wide 96 sun blocking drape"""
"""extra wide 96 black out drapery"""
"""extra wide 96 sun block drapery"""
"""extra wide 96 sun blocking drapery"""
"""extra wide 96 black out panel"""
"""extra wide 96 sun block panel"""
"""extra wide 96 sun blocking panel"""
"""extra wide 96 black out window curtain"""
"""extra wide 96 sun block window curtain"""
"""extra wide 96 sun blocking window curtain"""
"""extra wide 96 black out draperies"""
"""extra wide 96 sun block draperies"""
"""extra wide 96 sun blocking draperies"""
"""extra wide 97 black out curtain"""
"""extra wide 97 sun block curtain"""
"""extra wide 97 sun blocking curtain"""
"""extra wide 97 black out drape"""
"""extra wide 97 sun block drape"""
"""extra wide 97 sun blocking drape"""
"""extra wide 97 black out drapery"""
"""extra wide 97 sun block drapery"""
"""extra wide 97 sun blocking drapery"""
"""extra wide 97 black out panel"""
"""extra wide 97 sun block panel"""
"""extra wide 97 sun blocking panel"""
"""extra wide 97 black out window curtain"""
"""extra wide 97 sun block window curtain"""
"""extra wide 97 sun blocking window curtain"""
"""extra wide 97 black out draperies"""
"""extra wide 97 sun block draperies"""
"""extra wide 97 sun blocking draperies"""
"""extra wide 107 black out curtain"""
"""extra wide 107 sun block curtain"""
"""extra wide 107 sun blocking curtain"""
"""extra wide 107 black out drape"""
"""extra wide 107 sun block drape"""
"""extra wide 107 sun blocking drape"""
"""extra wide 107 black out drapery"""
"""extra wide 107 sun block drapery"""
"""extra wide 107 sun blocking drapery"""
"""extra wide 107 black out panel"""
"""extra wide 107 sun block panel"""
"""extra wide 107 sun blocking panel"""
"""extra wide 107 black out window curtain"""
"""extra wide 107 sun block window curtain"""
"""extra wide 107 sun blocking window curtain"""
"""extra wide 107 black out draperies"""
"""extra wide 107 sun block draperies"""
"""extra wide 107 sun blocking draperies"""
"""extra wide 108 black out curtain"""
"""extra wide 108 sun block curtain"""
"""extra wide 108 sun blocking curtain"""
"""extra wide 108 black out drape"""
"""extra wide 108 sun block drape"""
"""extra wide 108 sun blocking drape"""
"""extra wide 108 black out drapery"""
"""extra wide 108 sun block drapery"""
"""extra wide 108 sun blocking drapery"""
"""extra wide 108 black out panel"""
"""extra wide 108 sun block panel"""
"""extra wide 108 sun blocking panel"""
"""extra wide 108 black out window curtain"""
"""extra wide 108 sun block window curtain"""
"""extra wide 108 sun blocking window curtain"""
"""extra wide 108 black out draperies"""
"""extra wide 108 sun block draperies"""
"""extra wide 108 sun blocking draperies"""
"""extra wide 109 black out curtain"""
"""extra wide 109 sun block curtain"""
"""extra wide 109 sun blocking curtain"""
"""extra wide 109 black out drape"""
"""extra wide 109 sun block drape"""
"""extra wide 109 sun blocking drape"""
"""extra wide 109 black out drapery"""
"""extra wide 109 sun block drapery"""
"""extra wide 109 sun blocking drapery"""
"""extra wide 109 black out panel"""
"""extra wide 109 sun block panel"""
"""extra wide 109 sun blocking panel"""
"""extra wide 109 black out window curtain"""
"""extra wide 109 sun block window curtain"""
"""extra wide 109 sun blocking window curtain"""
"""extra wide 109 black out draperies"""
"""extra wide 109 sun block draperies"""
"""extra wide 109 sun blocking draperies"""
"""extra wide 110 black out curtain"""
"""extra wide 110 sun block curtain"""
"""extra wide 110 sun blocking curtain"""
"""extra wide 110 black out drape"""
"""extra wide 110 sun block drape"""
"""extra wide 110 sun blocking drape"""
"""extra wide 110 black out drapery"""
"""extra wide 110 sun block drapery"""
"""extra wide 110 sun blocking drapery"""
"""extra wide 110 black out panel"""
"""extra wide 110 sun block panel"""
"""extra wide 110 sun blocking panel"""
"""extra wide 110 black out window curtain"""
"""extra wide 110 sun block window curtain"""
"""extra wide 110 sun blocking window curtain"""
"""extra wide 110 black out draperies"""
"""extra wide 110 sun block draperies"""
"""extra wide 110 sun blocking draperies"""
"""extra wide grommet black out curtain"""
"""extra wide grommet sun block curtain"""
"""extra wide grommet sun blocking curtain"""
"""extra wide grommet black out drape"""
"""extra wide grommet sun block drape"""
"""extra wide grommet sun blocking drape"""
"""extra wide grommet black out drapery"""
"""extra wide grommet sun block drapery"""
"""extra wide grommet sun blocking drapery"""
"""extra wide grommet black out panel"""
"""extra wide grommet sun block panel"""
"""extra wide grommet sun blocking panel"""
"""extra wide grommet black out window curtain"""
"""extra wide grommet sun block window curtain"""
"""extra wide grommet sun blocking window curtain"""
"""extra wide grommet black out draperies"""
"""extra wide grommet sun block draperies"""
"""extra wide grommet sun blocking draperies"""
"""extra wide coastal black out curtain"""
"""extra wide coastal sun block curtain"""
"""extra wide coastal sun blocking curtain"""
"""extra wide coastal black out drape"""
"""extra wide coastal sun block drape"""
"""extra wide coastal sun blocking drape"""
"""extra wide coastal black out drapery"""
"""extra wide coastal sun block drapery"""
"""extra wide coastal sun blocking drapery"""
"""extra wide coastal black out panel"""
"""extra wide coastal sun block panel"""
"""extra wide coastal sun blocking panel"""
"""extra wide coastal black out window curtain"""
"""extra wide coastal sun block window curtain"""
"""extra wide coastal sun blocking window curtain"""
"""extra wide coastal black out draperies"""
"""extra wide coastal sun block draperies"""
"""extra wide coastal sun blocking draperies"""
"""extra wide heavy black out curtain"""
"""extra wide heavy sun block curtain"""
"""extra wide heavy sun blocking curtain"""
"""extra wide heavy black out drape"""
"""extra wide heavy sun block drape"""
"""extra wide heavy sun blocking drape"""
"""extra wide heavy black out drapery"""
"""extra wide heavy sun block drapery"""
"""extra wide heavy sun blocking drapery"""
"""extra wide heavy black out panel"""
"""extra wide heavy sun block panel"""
"""extra wide heavy sun blocking panel"""
"""extra wide heavy black out window curtain"""
"""extra wide heavy sun block window curtain"""
"""extra wide heavy sun blocking window curtain"""
"""extra wide heavy black out draperies"""
"""extra wide heavy sun block draperies"""
"""extra wide heavy sun blocking draperies"""
"""extra wide modern black out curtain"""
"""extra wide modern sun block curtain"""
"""extra wide modern sun blocking curtain"""
"""extra wide modern black out drape"""
"""extra wide modern sun block drape"""
"""extra wide modern sun blocking drape"""
"""extra wide modern black out drapery"""
"""extra wide modern sun block drapery"""
"""extra wide modern sun blocking drapery"""
"""extra wide modern black out panel"""
"""extra wide modern sun block panel"""
"""extra wide modern sun blocking panel"""
"""extra wide modern black out window curtain"""
"""extra wide modern sun block window curtain"""
"""extra wide modern sun blocking window curtain"""
"""extra wide modern black out draperies"""
"""extra wide modern sun block draperies"""
"""extra wide modern sun blocking draperies"""
"""extra wide woven black out curtain"""
"""extra wide woven sun block curtain"""
"""extra wide woven sun blocking curtain"""
"""extra wide woven black out drape"""
"""extra wide woven sun block drape"""
"""extra wide woven sun blocking drape"""
"""extra wide woven black out drapery"""
"""extra wide woven sun block drapery"""
"""extra wide woven sun blocking drapery"""
"""extra wide woven black out panel"""
"""extra wide woven sun block panel"""
"""extra wide woven sun blocking panel"""
"""extra wide woven black out window curtain"""
"""extra wide woven sun block window curtain"""
"""extra wide woven sun blocking window curtain"""
"""extra wide woven black out draperies"""
"""extra wide woven sun block draperies"""
"""extra wide woven sun blocking draperies"""
"""extra wide linen black out curtain"""
"""extra wide linen sun block curtain"""
"""extra wide linen sun blocking curtain"""
"""extra wide linen black out drape"""
"""extra wide linen sun block drape"""
"""extra wide linen sun blocking drape"""
"""extra wide linen black out drapery"""
"""extra wide linen sun block drapery"""
"""extra wide linen sun blocking drapery"""
"""extra wide linen black out panel"""
"""extra wide linen sun block panel"""
"""extra wide linen sun blocking panel"""
"""extra wide linen black out window curtain"""
"""extra wide linen sun block window curtain"""
"""extra wide linen sun blocking window curtain"""
"""extra wide linen black out draperies"""
"""extra wide linen sun block draperies"""
"""extra wide linen sun blocking draperies"""
"""extra wide texture black out curtain"""
"""extra wide texture sun block curtain"""
"""extra wide texture sun blocking curtain"""
"""extra wide texture black out drape"""
"""extra wide texture sun block drape"""
"""extra wide texture sun blocking drape"""
"""extra wide texture black out drapery"""
"""extra wide texture sun block drapery"""
"""extra wide texture sun blocking drapery"""
"""extra wide texture black out panel"""
"""extra wide texture sun block panel"""
"""extra wide texture sun blocking panel"""
"""extra wide texture black out window curtain"""
"""extra wide texture sun block window curtain"""
"""extra wide texture sun blocking window curtain"""
"""extra wide texture black out draperies"""
"""extra wide texture sun block draperies"""
"""extra wide texture sun blocking draperies"""
"""extra wide tweed black out curtain"""
"""extra wide tweed sun block curtain"""
"""extra wide tweed sun blocking curtain"""
"""extra wide tweed black out drape"""
"""extra wide tweed sun block drape"""
"""extra wide tweed sun blocking drape"""
"""extra wide tweed black out drapery"""
"""extra wide tweed sun block drapery"""
"""extra wide tweed sun blocking drapery"""
"""extra wide tweed black out panel"""
"""extra wide tweed sun block panel"""
"""extra wide tweed sun blocking panel"""
"""extra wide tweed black out window curtain"""
"""extra wide tweed sun block window curtain"""
"""extra wide tweed sun blocking window curtain"""
"""extra wide tweed black out draperies"""
"""extra wide tweed sun block draperies"""
"""extra wide tweed sun blocking draperies"""
"""extra wide chambray black out curtain"""
"""extra wide chambray sun block curtain"""
"""extra wide chambray sun blocking curtain"""
"""extra wide chambray black out drape"""
"""extra wide chambray sun block drape"""
"""extra wide chambray sun blocking drape"""
"""extra wide chambray black out drapery"""
"""extra wide chambray sun block drapery"""
"""extra wide chambray sun blocking drapery"""
"""extra wide chambray black out panel"""
"""extra wide chambray sun block panel"""
"""extra wide chambray sun blocking panel"""
"""extra wide chambray black out window curtain"""
"""extra wide chambray sun block window curtain"""
"""extra wide chambray sun blocking window curtain"""
"""extra wide chambray black out draperies"""
"""extra wide chambray sun block draperies"""
"""extra wide chambray sun blocking draperies"""
"""extra wide ring top black out curtain"""
"""extra wide ring top sun block curtain"""
"""extra wide ring top sun blocking curtain"""
"""extra wide ring top black out drape"""
"""extra wide ring top sun block drape"""
"""extra wide ring top sun blocking drape"""
"""extra wide ring top black out drapery"""
"""extra wide ring top sun block drapery"""
"""extra wide ring top sun blocking drapery"""
"""extra wide ring top black out panel"""
"""extra wide ring top sun block panel"""
"""extra wide ring top sun blocking panel"""
"""extra wide ring top black out window curtain"""
"""extra wide ring top sun block window curtain"""
"""extra wide ring top sun blocking window curtain"""
"""extra wide ring top black out draperies"""
"""extra wide ring top sun block draperies"""
"""extra wide ring top sun blocking draperies"""
"""extra wide farmhouse black out curtain"""
"""extra wide farmhouse sun block curtain"""
"""extra wide farmhouse sun blocking curtain"""
"""extra wide farmhouse black out drape"""
"""extra wide farmhouse sun block drape"""
"""extra wide farmhouse sun blocking drape"""
"""extra wide farmhouse black out drapery"""
"""extra wide farmhouse sun block drapery"""
"""extra wide farmhouse sun blocking drapery"""
"""extra wide farmhouse black out panel"""
"""extra wide farmhouse sun block panel"""
"""extra wide farmhouse sun blocking panel"""
"""extra wide farmhouse black out window curtain"""
"""extra wide farmhouse sun block window curtain"""
"""extra wide farmhouse sun blocking window curtain"""
"""extra wide farmhouse black out draperies"""
"""extra wide farmhouse sun block draperies"""
"""extra wide farmhouse sun blocking draperies"""
"""extra wide farm house black out curtain"""
"""extra wide farm house sun block curtain"""
"""extra wide farm house sun blocking curtain"""
"""extra wide farm house black out drape"""
"""extra wide farm house sun block drape"""
"""extra wide farm house sun blocking drape"""
"""extra wide farm house black out drapery"""
"""extra wide farm house sun block drapery"""
"""extra wide farm house sun blocking drapery"""
"""extra wide farm house black out panel"""
"""extra wide farm house sun block panel"""
"""extra wide farm house sun blocking panel"""
"""extra wide farm house black out window curtain"""
"""extra wide farm house sun block window curtain"""
"""extra wide farm house sun blocking window curtain"""
"""extra wide farm house black out draperies"""
"""extra wide farm house sun block draperies"""
"""extra wide farm house sun blocking draperies"""
"""extra wide semi sheer black out curtain"""
"""extra wide semi sheer sun block curtain"""
"""extra wide semi sheer sun blocking curtain"""
"""extra wide semi sheer black out drape"""
"""extra wide semi sheer sun block drape"""
"""extra wide semi sheer sun blocking drape"""
"""extra wide semi sheer black out drapery"""
"""extra wide semi sheer sun block drapery"""
"""extra wide semi sheer sun blocking drapery"""
"""extra wide semi sheer black out panel"""
"""extra wide semi sheer sun block panel"""
"""extra wide semi sheer sun blocking panel"""
"""extra wide semi sheer black out window curtain"""
"""extra wide semi sheer sun block window curtain"""
"""extra wide semi sheer sun blocking window curtain"""
"""extra wide semi sheer black out draperies"""
"""extra wide semi sheer sun block draperies"""
"""extra wide semi sheer sun blocking draperies"""
"""extra wide rustic black out curtain"""
"""extra wide rustic sun block curtain"""
"""extra wide rustic sun blocking curtain"""
"""extra wide rustic black out drape"""
"""extra wide rustic sun block drape"""
"""extra wide rustic sun blocking drape"""
"""extra wide rustic black out drapery"""
"""extra wide rustic sun block drapery"""
"""extra wide rustic sun blocking drapery"""
"""extra wide rustic black out panel"""
"""extra wide rustic sun block panel"""
"""extra wide rustic sun blocking panel"""
"""extra wide rustic black out window curtain"""
"""extra wide rustic sun block window curtain"""
"""extra wide rustic sun blocking window curtain"""
"""extra wide rustic black out draperies"""
"""extra wide rustic sun block draperies"""
"""extra wide rustic sun blocking draperies"""
"""extra wide thermal black out curtain"""
"""extra wide thermal sun block curtain"""
"""extra wide thermal sun blocking curtain"""
"""extra wide thermal black out drape"""
"""extra wide thermal sun block drape"""
"""extra wide thermal sun blocking drape"""
"""extra wide thermal black out drapery"""
"""extra wide thermal sun block drapery"""
"""extra wide thermal sun blocking drapery"""
"""extra wide thermal black out panel"""
"""extra wide thermal sun block panel"""
"""extra wide thermal sun blocking panel"""
"""extra wide thermal black out window curtain"""
"""extra wide thermal sun block window curtain"""
"""extra wide thermal sun blocking window curtain"""
"""extra wide thermal black out draperies"""
"""extra wide thermal sun block draperies"""
"""extra wide thermal sun blocking draperies"""
"""extra wide insulated black out curtain"""
"""extra wide insulated sun block curtain"""
"""extra wide insulated sun blocking curtain"""
"""extra wide insulated black out drape"""
"""extra wide insulated sun block drape"""
"""extra wide insulated sun blocking drape"""
"""extra wide insulated black out drapery"""
"""extra wide insulated sun block drapery"""
"""extra wide insulated sun blocking drapery"""
"""extra wide insulated black out panel"""
"""extra wide insulated sun block panel"""
"""extra wide insulated sun blocking panel"""
"""extra wide insulated black out window curtain"""
"""extra wide insulated sun block window curtain"""
"""extra wide insulated sun blocking window curtain"""
"""extra wide insulated black out draperies"""
"""extra wide insulated sun block draperies"""
"""extra wide insulated sun blocking draperies"""
"""extra wide insulate black out curtain"""
"""extra wide insulate sun block curtain"""
"""extra wide insulate sun blocking curtain"""
"""extra wide insulate black out drape"""
"""extra wide insulate sun block drape"""
"""extra wide insulate sun blocking drape"""
"""extra wide insulate black out drapery"""
"""extra wide insulate sun block drapery"""
"""extra wide insulate sun blocking drapery"""
"""extra wide insulate black out panel"""
"""extra wide insulate sun block panel"""
"""extra wide insulate sun blocking panel"""
"""extra wide insulate black out window curtain"""
"""extra wide insulate sun block window curtain"""
"""extra wide insulate sun blocking window curtain"""
"""extra wide insulate black out draperies"""
"""extra wide insulate sun block draperies"""
"""extra wide insulate sun blocking draperies"""
"""extra wide sound black out curtain"""
"""extra wide sound sun block curtain"""
"""extra wide sound sun blocking curtain"""
"""extra wide sound black out drape"""
"""extra wide sound sun block drape"""
"""extra wide sound sun blocking drape"""
"""extra wide sound black out drapery"""
"""extra wide sound sun block drapery"""
"""extra wide sound sun blocking drapery"""
"""extra wide sound black out panel"""
"""extra wide sound sun block panel"""
"""extra wide sound sun blocking panel"""
"""extra wide sound black out window curtain"""
"""extra wide sound sun block window curtain"""
"""extra wide sound sun blocking window curtain"""
"""extra wide sound black out draperies"""
"""extra wide sound sun block draperies"""
"""extra wide sound sun blocking draperies"""
"""extra wide patio black out curtain"""
"""extra wide patio sun block curtain"""
"""extra wide patio sun blocking curtain"""
"""extra wide patio black out drape"""
"""extra wide patio sun block drape"""
"""extra wide patio sun blocking drape"""
"""extra wide patio black out drapery"""
"""extra wide patio sun block drapery"""
"""extra wide patio sun blocking drapery"""
"""extra wide patio black out panel"""
"""extra wide patio sun block panel"""
"""extra wide patio sun blocking panel"""
"""extra wide patio black out window curtain"""
"""extra wide patio sun block window curtain"""
"""extra wide patio sun blocking window curtain"""
"""extra wide patio black out draperies"""
"""extra wide patio sun block draperies"""
"""extra wide patio sun blocking draperies"""
"""extra wide extra wide black out curtain"""
"""extra wide extra wide sun block curtain"""
"""extra wide extra wide sun blocking curtain"""
"""extra wide extra wide black out drape"""
"""extra wide extra wide sun block drape"""
"""extra wide extra wide sun blocking drape"""
"""extra wide extra wide black out drapery"""
"""extra wide extra wide sun block drapery"""
"""extra wide extra wide sun blocking drapery"""
"""extra wide extra wide black out panel"""
"""extra wide extra wide sun block panel"""
"""extra wide extra wide sun blocking panel"""
"""extra wide extra wide black out window curtain"""
"""extra wide extra wide sun block window curtain"""
"""extra wide extra wide sun blocking window curtain"""
"""extra wide extra wide black out draperies"""
"""extra wide extra wide sun block draperies"""
"""extra wide extra wide sun blocking draperies"""
"""extra wide wide black out curtain"""
"""extra wide wide sun block curtain"""
"""extra wide wide sun blocking curtain"""
"""extra wide wide black out drape"""
"""extra wide wide sun block drape"""
"""extra wide wide sun blocking drape"""
"""extra wide wide black out drapery"""
"""extra wide wide sun block drapery"""
"""extra wide wide sun blocking drapery"""
"""extra wide wide black out panel"""
"""extra wide wide sun block panel"""
"""extra wide wide sun blocking panel"""
"""extra wide wide black out window curtain"""
"""extra wide wide sun block window curtain"""
"""extra wide wide sun blocking window curtain"""
"""extra wide wide black out draperies"""
"""extra wide wide sun block draperies"""
"""extra wide wide sun blocking draperies"""
"""extra wide double black out curtain"""
"""extra wide double sun block curtain"""
"""extra wide double sun blocking curtain"""
"""extra wide double black out drape"""
"""extra wide double sun block drape"""
"""extra wide double sun blocking drape"""
"""extra wide double black out drapery"""
"""extra wide double sun block drapery"""
"""extra wide double sun blocking drapery"""
"""extra wide double black out panel"""
"""extra wide double sun block panel"""
"""extra wide double sun blocking panel"""
"""extra wide double black out window curtain"""
"""extra wide double sun block window curtain"""
"""extra wide double sun blocking window curtain"""
"""extra wide double black out draperies"""
"""extra wide double sun block draperies"""
"""extra wide double sun blocking draperies"""
"""extra wide boho black out curtain"""
"""extra wide boho sun block curtain"""
"""extra wide boho sun blocking curtain"""
"""extra wide boho black out drape"""
"""extra wide boho sun block drape"""
"""extra wide boho sun blocking drape"""
"""extra wide boho black out drapery"""
"""extra wide boho sun block drapery"""
"""extra wide boho sun blocking drapery"""
"""extra wide boho black out panel"""
"""extra wide boho sun block panel"""
"""extra wide boho sun blocking panel"""
"""extra wide boho black out window curtain"""
"""extra wide boho sun block window curtain"""
"""extra wide boho sun blocking window curtain"""
"""extra wide boho black out draperies"""
"""extra wide boho sun block draperies"""
"""extra wide boho sun blocking draperies"""
"""extra wide bohemian black out curtain"""
"""extra wide bohemian sun block curtain"""
"""extra wide bohemian sun blocking curtain"""
"""extra wide bohemian black out drape"""
"""extra wide bohemian sun block drape"""
"""extra wide bohemian sun blocking drape"""
"""extra wide bohemian black out drapery"""
"""extra wide bohemian sun block drapery"""
"""extra wide bohemian sun blocking drapery"""
"""extra wide bohemian black out panel"""
"""extra wide bohemian sun block panel"""
"""extra wide bohemian sun blocking panel"""
"""extra wide bohemian black out window curtain"""
"""extra wide bohemian sun block window curtain"""
"""extra wide bohemian sun blocking window curtain"""
"""extra wide bohemian black out draperies"""
"""extra wide bohemian sun block draperies"""
"""extra wide bohemian sun blocking draperies"""
"""wide 84 black out curtain"""
"""wide 84 sun block curtain"""
"""wide 84 sun blocking curtain"""
"""wide 84 black out drape"""
"""wide 84 sun block drape"""
"""wide 84 sun blocking drape"""
"""wide 84 black out drapery"""
"""wide 84 sun block drapery"""
"""wide 84 sun blocking drapery"""
"""wide 84 black out panel"""
"""wide 84 sun block panel"""
"""wide 84 sun blocking panel"""
"""wide 84 black out window curtain"""
"""wide 84 sun block window curtain"""
"""wide 84 sun blocking window curtain"""
"""wide 84 black out draperies"""
"""wide 84 sun block draperies"""
"""wide 84 sun blocking draperies"""
"""wide 85 black out curtain"""
"""wide 85 sun block curtain"""
"""wide 85 sun blocking curtain"""
"""wide 85 black out drape"""
"""wide 85 sun block drape"""
"""wide 85 sun blocking drape"""
"""wide 85 black out drapery"""
"""wide 85 sun block drapery"""
"""wide 85 sun blocking drapery"""
"""wide 85 black out panel"""
"""wide 85 sun block panel"""
"""wide 85 sun blocking panel"""
"""wide 85 black out window curtain"""
"""wide 85 sun block window curtain"""
"""wide 85 sun blocking window curtain"""
"""wide 85 black out draperies"""
"""wide 85 sun block draperies"""
"""wide 85 sun blocking draperies"""
"""wide 86 black out curtain"""
"""wide 86 sun block curtain"""
"""wide 86 sun blocking curtain"""
"""wide 86 black out drape"""
"""wide 86 sun block drape"""
"""wide 86 sun blocking drape"""
"""wide 86 black out drapery"""
"""wide 86 sun block drapery"""
"""wide 86 sun blocking drapery"""
"""wide 86 black out panel"""
"""wide 86 sun block panel"""
"""wide 86 sun blocking panel"""
"""wide 86 black out window curtain"""
"""wide 86 sun block window curtain"""
"""wide 86 sun blocking window curtain"""
"""wide 86 black out draperies"""
"""wide 86 sun block draperies"""
"""wide 86 sun blocking draperies"""
"""wide 95 black out curtain"""
"""wide 95 sun block curtain"""
"""wide 95 sun blocking curtain"""
"""wide 95 black out drape"""
"""wide 95 sun block drape"""
"""wide 95 sun blocking drape"""
"""wide 95 black out drapery"""
"""wide 95 sun block drapery"""
"""wide 95 sun blocking drapery"""
"""wide 95 black out panel"""
"""wide 95 sun block panel"""
"""wide 95 sun blocking panel"""
"""wide 95 black out window curtain"""
"""wide 95 sun block window curtain"""
"""wide 95 sun blocking window curtain"""
"""wide 95 black out draperies"""
"""wide 95 sun block draperies"""
"""wide 95 sun blocking draperies"""
"""wide 96 black out curtain"""
"""wide 96 sun block curtain"""
"""wide 96 sun blocking curtain"""
"""wide 96 black out drape"""
"""wide 96 sun block drape"""
"""wide 96 sun blocking drape"""
"""wide 96 black out drapery"""
"""wide 96 sun block drapery"""
"""wide 96 sun blocking drapery"""
"""wide 96 black out panel"""
"""wide 96 sun block panel"""
"""wide 96 sun blocking panel"""
"""wide 96 black out window curtain"""
"""wide 96 sun block window curtain"""
"""wide 96 sun blocking window curtain"""
"""wide 96 black out draperies"""
"""wide 96 sun block draperies"""
"""wide 96 sun blocking draperies"""
"""wide 97 black out curtain"""
"""wide 97 sun block curtain"""
"""wide 97 sun blocking curtain"""
"""wide 97 black out drape"""
"""wide 97 sun block drape"""
"""wide 97 sun blocking drape"""
"""wide 97 black out drapery"""
"""wide 97 sun block drapery"""
"""wide 97 sun blocking drapery"""
"""wide 97 black out panel"""
"""wide 97 sun block panel"""
"""wide 97 sun blocking panel"""
"""wide 97 black out window curtain"""
"""wide 97 sun block window curtain"""
"""wide 97 sun blocking window curtain"""
"""wide 97 black out draperies"""
"""wide 97 sun block draperies"""
"""wide 97 sun blocking draperies"""
"""wide 107 black out curtain"""
"""wide 107 sun block curtain"""
"""wide 107 sun blocking curtain"""
"""wide 107 black out drape"""
"""wide 107 sun block drape"""
"""wide 107 sun blocking drape"""
"""wide 107 black out drapery"""
"""wide 107 sun block drapery"""
"""wide 107 sun blocking drapery"""
"""wide 107 black out panel"""
"""wide 107 sun block panel"""
"""wide 107 sun blocking panel"""
"""wide 107 black out window curtain"""
"""wide 107 sun block window curtain"""
"""wide 107 sun blocking window curtain"""
"""wide 107 black out draperies"""
"""wide 107 sun block draperies"""
"""wide 107 sun blocking draperies"""
"""wide 108 black out curtain"""
"""wide 108 sun block curtain"""
"""wide 108 sun blocking curtain"""
"""wide 108 black out drape"""
"""wide 108 sun block drape"""
"""wide 108 sun blocking drape"""
"""wide 108 black out drapery"""
"""wide 108 sun block drapery"""
"""wide 108 sun blocking drapery"""
"""wide 108 black out panel"""
"""wide 108 sun block panel"""
"""wide 108 sun blocking panel"""
"""wide 108 black out window curtain"""
"""wide 108 sun block window curtain"""
"""wide 108 sun blocking window curtain"""
"""wide 108 black out draperies"""
"""wide 108 sun block draperies"""
"""wide 108 sun blocking draperies"""
"""wide 109 black out curtain"""
"""wide 109 sun block curtain"""
"""wide 109 sun blocking curtain"""
"""wide 109 black out drape"""
"""wide 109 sun block drape"""
"""wide 109 sun blocking drape"""
"""wide 109 black out drapery"""
"""wide 109 sun block drapery"""
"""wide 109 sun blocking drapery"""
"""wide 109 black out panel"""
"""wide 109 sun block panel"""
"""wide 109 sun blocking panel"""
"""wide 109 black out window curtain"""
"""wide 109 sun block window curtain"""
"""wide 109 sun blocking window curtain"""
"""wide 109 black out draperies"""
"""wide 109 sun block draperies"""
"""wide 109 sun blocking draperies"""
"""wide 110 black out curtain"""
"""wide 110 sun block curtain"""
"""wide 110 sun blocking curtain"""
"""wide 110 black out drape"""
"""wide 110 sun block drape"""
"""wide 110 sun blocking drape"""
"""wide 110 black out drapery"""
"""wide 110 sun block drapery"""
"""wide 110 sun blocking drapery"""
"""wide 110 black out panel"""
"""wide 110 sun block panel"""
"""wide 110 sun blocking panel"""
"""wide 110 black out window curtain"""
"""wide 110 sun block window curtain"""
"""wide 110 sun blocking window curtain"""
"""wide 110 black out draperies"""
"""wide 110 sun block draperies"""
"""wide 110 sun blocking draperies"""
"""wide grommet black out curtain"""
"""wide grommet sun block curtain"""
"""wide grommet sun blocking curtain"""
"""wide grommet black out drape"""
"""wide grommet sun block drape"""
"""wide grommet sun blocking drape"""
"""wide grommet black out drapery"""
"""wide grommet sun block drapery"""
"""wide grommet sun blocking drapery"""
"""wide grommet black out panel"""
"""wide grommet sun block panel"""
"""wide grommet sun blocking panel"""
"""wide grommet black out window curtain"""
"""wide grommet sun block window curtain"""
"""wide grommet sun blocking window curtain"""
"""wide grommet black out draperies"""
"""wide grommet sun block draperies"""
"""wide grommet sun blocking draperies"""
"""wide coastal black out curtain"""
"""wide coastal sun block curtain"""
"""wide coastal sun blocking curtain"""
"""wide coastal black out drape"""
"""wide coastal sun block drape"""
"""wide coastal sun blocking drape"""
"""wide coastal black out drapery"""
"""wide coastal sun block drapery"""
"""wide coastal sun blocking drapery"""
"""wide coastal black out panel"""
"""wide coastal sun block panel"""
"""wide coastal sun blocking panel"""
"""wide coastal black out window curtain"""
"""wide coastal sun block window curtain"""
"""wide coastal sun blocking window curtain"""
"""wide coastal black out draperies"""
"""wide coastal sun block draperies"""
"""wide coastal sun blocking draperies"""
"""wide heavy black out curtain"""
"""wide heavy sun block curtain"""
"""wide heavy sun blocking curtain"""
"""wide heavy black out drape"""
"""wide heavy sun block drape"""
"""wide heavy sun blocking drape"""
"""wide heavy black out drapery"""
"""wide heavy sun block drapery"""
"""wide heavy sun blocking drapery"""
"""wide heavy black out panel"""
"""wide heavy sun block panel"""
"""wide heavy sun blocking panel"""
"""wide heavy black out window curtain"""
"""wide heavy sun block window curtain"""
"""wide heavy sun blocking window curtain"""
"""wide heavy black out draperies"""
"""wide heavy sun block draperies"""
"""wide heavy sun blocking draperies"""
"""wide modern black out curtain"""
"""wide modern sun block curtain"""
"""wide modern sun blocking curtain"""
"""wide modern black out drape"""
"""wide modern sun block drape"""
"""wide modern sun blocking drape"""
"""wide modern black out drapery"""
"""wide modern sun block drapery"""
"""wide modern sun blocking drapery"""
"""wide modern black out panel"""
"""wide modern sun block panel"""
"""wide modern sun blocking panel"""
"""wide modern black out window curtain"""
"""wide modern sun block window curtain"""
"""wide modern sun blocking window curtain"""
"""wide modern black out draperies"""
"""wide modern sun block draperies"""
"""wide modern sun blocking draperies"""
"""wide woven black out curtain"""
"""wide woven sun block curtain"""
"""wide woven sun blocking curtain"""
"""wide woven black out drape"""
"""wide woven sun block drape"""
"""wide woven sun blocking drape"""
"""wide woven black out drapery"""
"""wide woven sun block drapery"""
"""wide woven sun blocking drapery"""
"""wide woven black out panel"""
"""wide woven sun block panel"""
"""wide woven sun blocking panel"""
"""wide woven black out window curtain"""
"""wide woven sun block window curtain"""
"""wide woven sun blocking window curtain"""
"""wide woven black out draperies"""
"""wide woven sun block draperies"""
"""wide woven sun blocking draperies"""
"""wide linen black out curtain"""
"""wide linen sun block curtain"""
"""wide linen sun blocking curtain"""
"""wide linen black out drape"""
"""wide linen sun block drape"""
"""wide linen sun blocking drape"""
"""wide linen black out drapery"""
"""wide linen sun block drapery"""
"""wide linen sun blocking drapery"""
"""wide linen black out panel"""
"""wide linen sun block panel"""
"""wide linen sun blocking panel"""
"""wide linen black out window curtain"""
"""wide linen sun block window curtain"""
"""wide linen sun blocking window curtain"""
"""wide linen black out draperies"""
"""wide linen sun block draperies"""
"""wide linen sun blocking draperies"""
"""wide texture black out curtain"""
"""wide texture sun block curtain"""
"""wide texture sun blocking curtain"""
"""wide texture black out drape"""
"""wide texture sun block drape"""
"""wide texture sun blocking drape"""
"""wide texture black out drapery"""
"""wide texture sun block drapery"""
"""wide texture sun blocking drapery"""
"""wide texture black out panel"""
"""wide texture sun block panel"""
"""wide texture sun blocking panel"""
"""wide texture black out window curtain"""
"""wide texture sun block window curtain"""
"""wide texture sun blocking window curtain"""
"""wide texture black out draperies"""
"""wide texture sun block draperies"""
"""wide texture sun blocking draperies"""
"""wide tweed black out curtain"""
"""wide tweed sun block curtain"""
"""wide tweed sun blocking curtain"""
"""wide tweed black out drape"""
"""wide tweed sun block drape"""
"""wide tweed sun blocking drape"""
"""wide tweed black out drapery"""
"""wide tweed sun block drapery"""
"""wide tweed sun blocking drapery"""
"""wide tweed black out panel"""
"""wide tweed sun block panel"""
"""wide tweed sun blocking panel"""
"""wide tweed black out window curtain"""
"""wide tweed sun block window curtain"""
"""wide tweed sun blocking window curtain"""
"""wide tweed black out draperies"""
"""wide tweed sun block draperies"""
"""wide tweed sun blocking draperies"""
"""wide chambray black out curtain"""
"""wide chambray sun block curtain"""
"""wide chambray sun blocking curtain"""
"""wide chambray black out drape"""
"""wide chambray sun block drape"""
"""wide chambray sun blocking drape"""
"""wide chambray black out drapery"""
"""wide chambray sun block drapery"""
"""wide chambray sun blocking drapery"""
"""wide chambray black out panel"""
"""wide chambray sun block panel"""
"""wide chambray sun blocking panel"""
"""wide chambray black out window curtain"""
"""wide chambray sun block window curtain"""
"""wide chambray sun blocking window curtain"""
"""wide chambray black out draperies"""
"""wide chambray sun block draperies"""
"""wide chambray sun blocking draperies"""
"""wide ring top black out curtain"""
"""wide ring top sun block curtain"""
"""wide ring top sun blocking curtain"""
"""wide ring top black out drape"""
"""wide ring top sun block drape"""
"""wide ring top sun blocking drape"""
"""wide ring top black out drapery"""
"""wide ring top sun block drapery"""
"""wide ring top sun blocking drapery"""
"""wide ring top black out panel"""
"""wide ring top sun block panel"""
"""wide ring top sun blocking panel"""
"""wide ring top black out window curtain"""
"""wide ring top sun block window curtain"""
"""wide ring top sun blocking window curtain"""
"""wide ring top black out draperies"""
"""wide ring top sun block draperies"""
"""wide ring top sun blocking draperies"""
"""wide farmhouse black out curtain"""
"""wide farmhouse sun block curtain"""
"""wide farmhouse sun blocking curtain"""
"""wide farmhouse black out drape"""
"""wide farmhouse sun block drape"""
"""wide farmhouse sun blocking drape"""
"""wide farmhouse black out drapery"""
"""wide farmhouse sun block drapery"""
"""wide farmhouse sun blocking drapery"""
"""wide farmhouse black out panel"""
"""wide farmhouse sun block panel"""
"""wide farmhouse sun blocking panel"""
"""wide farmhouse black out window curtain"""
"""wide farmhouse sun block window curtain"""
"""wide farmhouse sun blocking window curtain"""
"""wide farmhouse black out draperies"""
"""wide farmhouse sun block draperies"""
"""wide farmhouse sun blocking draperies"""
"""wide farm house black out curtain"""
"""wide farm house sun block curtain"""
"""wide farm house sun blocking curtain"""
"""wide farm house black out drape"""
"""wide farm house sun block drape"""
"""wide farm house sun blocking drape"""
"""wide farm house black out drapery"""
"""wide farm house sun block drapery"""
"""wide farm house sun blocking drapery"""
"""wide farm house black out panel"""
"""wide farm house sun block panel"""
"""wide farm house sun blocking panel"""
"""wide farm house black out window curtain"""
"""wide farm house sun block window curtain"""
"""wide farm house sun blocking window curtain"""
"""wide farm house black out draperies"""
"""wide farm house sun block draperies"""
"""wide farm house sun blocking draperies"""
"""wide semi sheer black out curtain"""
"""wide semi sheer sun block curtain"""
"""wide semi sheer sun blocking curtain"""
"""wide semi sheer black out drape"""
"""wide semi sheer sun block drape"""
"""wide semi sheer sun blocking drape"""
"""wide semi sheer black out drapery"""
"""wide semi sheer sun block drapery"""
"""wide semi sheer sun blocking drapery"""
"""wide semi sheer black out panel"""
"""wide semi sheer sun block panel"""
"""wide semi sheer sun blocking panel"""
"""wide semi sheer black out window curtain"""
"""wide semi sheer sun block window curtain"""
"""wide semi sheer sun blocking window curtain"""
"""wide semi sheer black out draperies"""
"""wide semi sheer sun block draperies"""
"""wide semi sheer sun blocking draperies"""
"""wide rustic black out curtain"""
"""wide rustic sun block curtain"""
"""wide rustic sun blocking curtain"""
"""wide rustic black out drape"""
"""wide rustic sun block drape"""
"""wide rustic sun blocking drape"""
"""wide rustic black out drapery"""
"""wide rustic sun block drapery"""
"""wide rustic sun blocking drapery"""
"""wide rustic black out panel"""
"""wide rustic sun block panel"""
"""wide rustic sun blocking panel"""
"""wide rustic black out window curtain"""
"""wide rustic sun block window curtain"""
"""wide rustic sun blocking window curtain"""
"""wide rustic black out draperies"""
"""wide rustic sun block draperies"""
"""wide rustic sun blocking draperies"""
"""wide thermal black out curtain"""
"""wide thermal sun block curtain"""
"""wide thermal sun blocking curtain"""
"""wide thermal black out drape"""
"""wide thermal sun block drape"""
"""wide thermal sun blocking drape"""
"""wide thermal black out drapery"""
"""wide thermal sun block drapery"""
"""wide thermal sun blocking drapery"""
"""wide thermal black out panel"""
"""wide thermal sun block panel"""
"""wide thermal sun blocking panel"""
"""wide thermal black out window curtain"""
"""wide thermal sun block window curtain"""
"""wide thermal sun blocking window curtain"""
"""wide thermal black out draperies"""
"""wide thermal sun block draperies"""
"""wide thermal sun blocking draperies"""
"""wide insulated black out curtain"""
"""wide insulated sun block curtain"""
"""wide insulated sun blocking curtain"""
"""wide insulated black out drape"""
"""wide insulated sun block drape"""
"""wide insulated sun blocking drape"""
"""wide insulated black out drapery"""
"""wide insulated sun block drapery"""
"""wide insulated sun blocking drapery"""
"""wide insulated black out panel"""
"""wide insulated sun block panel"""
"""wide insulated sun blocking panel"""
"""wide insulated black out window curtain"""
"""wide insulated sun block window curtain"""
"""wide insulated sun blocking window curtain"""
"""wide insulated black out draperies"""
"""wide insulated sun block draperies"""
"""wide insulated sun blocking draperies"""
"""wide insulate black out curtain"""
"""wide insulate sun block curtain"""
"""wide insulate sun blocking curtain"""
"""wide insulate black out drape"""
"""wide insulate sun block drape"""
"""wide insulate sun blocking drape"""
"""wide insulate black out drapery"""
"""wide insulate sun block drapery"""
"""wide insulate sun blocking drapery"""
"""wide insulate black out panel"""
"""wide insulate sun block panel"""
"""wide insulate sun blocking panel"""
"""wide insulate black out window curtain"""
"""wide insulate sun block window curtain"""
"""wide insulate sun blocking window curtain"""
"""wide insulate black out draperies"""
"""wide insulate sun block draperies"""
"""wide insulate sun blocking draperies"""
"""wide sound black out curtain"""
"""wide sound sun block curtain"""
"""wide sound sun blocking curtain"""
"""wide sound black out drape"""
"""wide sound sun block drape"""
"""wide sound sun blocking drape"""
"""wide sound black out drapery"""
"""wide sound sun block drapery"""
"""wide sound sun blocking drapery"""
"""wide sound black out panel"""
"""wide sound sun block panel"""
"""wide sound sun blocking panel"""
"""wide sound black out window curtain"""
"""wide sound sun block window curtain"""
"""wide sound sun blocking window curtain"""
"""wide sound black out draperies"""
"""wide sound sun block draperies"""
"""wide sound sun blocking draperies"""
"""wide patio black out curtain"""
"""wide patio sun block curtain"""
"""wide patio sun blocking curtain"""
"""wide patio black out drape"""
"""wide patio sun block drape"""
"""wide patio sun blocking drape"""
"""wide patio black out drapery"""
"""wide patio sun block drapery"""
"""wide patio sun blocking drapery"""
"""wide patio black out panel"""
"""wide patio sun block panel"""
"""wide patio sun blocking panel"""
"""wide patio black out window curtain"""
"""wide patio sun block window curtain"""
"""wide patio sun blocking window curtain"""
"""wide patio black out draperies"""
"""wide patio sun block draperies"""
"""wide patio sun blocking draperies"""
"""wide extra wide black out curtain"""
"""wide extra wide sun block curtain"""
"""wide extra wide sun blocking curtain"""
"""wide extra wide black out drape"""
"""wide extra wide sun block drape"""
"""wide extra wide sun blocking drape"""
"""wide extra wide black out drapery"""
"""wide extra wide sun block drapery"""
"""wide extra wide sun blocking drapery"""
"""wide extra wide black out panel"""
"""wide extra wide sun block panel"""
"""wide extra wide sun blocking panel"""
"""wide extra wide black out window curtain"""
"""wide extra wide sun block window curtain"""
"""wide extra wide sun blocking window curtain"""
"""wide extra wide black out draperies"""
"""wide extra wide sun block draperies"""
"""wide extra wide sun blocking draperies"""
"""wide wide black out curtain"""
"""wide wide sun block curtain"""
"""wide wide sun blocking curtain"""
"""wide wide black out drape"""
"""wide wide sun block drape"""
"""wide wide sun blocking drape"""
"""wide wide black out drapery"""
"""wide wide sun block drapery"""
"""wide wide sun blocking drapery"""
"""wide wide black out panel"""
"""wide wide sun block panel"""
"""wide wide sun blocking panel"""
"""wide wide black out window curtain"""
"""wide wide sun block window curtain"""
"""wide wide sun blocking window curtain"""
"""wide wide black out draperies"""
"""wide wide sun block draperies"""
"""wide wide sun blocking draperies"""
"""wide double black out curtain"""
"""wide double sun block curtain"""
"""wide double sun blocking curtain"""
"""wide double black out drape"""
"""wide double sun block drape"""
"""wide double sun blocking drape"""
"""wide double black out drapery"""
"""wide double sun block drapery"""
"""wide double sun blocking drapery"""
"""wide double black out panel"""
"""wide double sun block panel"""
"""wide double sun blocking panel"""
"""wide double black out window curtain"""
"""wide double sun block window curtain"""
"""wide double sun blocking window curtain"""
"""wide double black out draperies"""
"""wide double sun block draperies"""
"""wide double sun blocking draperies"""
"""wide boho black out curtain"""
"""wide boho sun block curtain"""
"""wide boho sun blocking curtain"""
"""wide boho black out drape"""
"""wide boho sun block drape"""
"""wide boho sun blocking drape"""
"""wide boho black out drapery"""
"""wide boho sun block drapery"""
"""wide boho sun blocking drapery"""
"""wide boho black out panel"""
"""wide boho sun block panel"""
"""wide boho sun blocking panel"""
"""wide boho black out window curtain"""
"""wide boho sun block window curtain"""
"""wide boho sun blocking window curtain"""
"""wide boho black out draperies"""
"""wide boho sun block draperies"""
"""wide boho sun blocking draperies"""
"""wide bohemian black out curtain"""
"""wide bohemian sun block curtain"""
"""wide bohemian sun blocking curtain"""
"""wide bohemian black out drape"""
"""wide bohemian sun block drape"""
"""wide bohemian sun blocking drape"""
"""wide bohemian black out drapery"""
"""wide bohemian sun block drapery"""
"""wide bohemian sun blocking drapery"""
"""wide bohemian black out panel"""
"""wide bohemian sun block panel"""
"""wide bohemian sun blocking panel"""
"""wide bohemian black out window curtain"""
"""wide bohemian sun block window curtain"""
"""wide bohemian sun blocking window curtain"""
"""wide bohemian black out draperies"""
"""wide bohemian sun block draperies"""
"""wide bohemian sun blocking draperies"""
"""double 84 black out curtain"""
"""double 84 sun block curtain"""
"""double 84 sun blocking curtain"""
"""double 84 black out drape"""
"""double 84 sun block drape"""
"""double 84 sun blocking drape"""
"""double 84 black out drapery"""
"""double 84 sun block drapery"""
"""double 84 sun blocking drapery"""
"""double 84 black out panel"""
"""double 84 sun block panel"""
"""double 84 sun blocking panel"""
"""double 84 black out window curtain"""
"""double 84 sun block window curtain"""
"""double 84 sun blocking window curtain"""
"""double 84 black out draperies"""
"""double 84 sun block draperies"""
"""double 84 sun blocking draperies"""
"""double 85 black out curtain"""
"""double 85 sun block curtain"""
"""double 85 sun blocking curtain"""
"""double 85 black out drape"""
"""double 85 sun block drape"""
"""double 85 sun blocking drape"""
"""double 85 black out drapery"""
"""double 85 sun block drapery"""
"""double 85 sun blocking drapery"""
"""double 85 black out panel"""
"""double 85 sun block panel"""
"""double 85 sun blocking panel"""
"""double 85 black out window curtain"""
"""double 85 sun block window curtain"""
"""double 85 sun blocking window curtain"""
"""double 85 black out draperies"""
"""double 85 sun block draperies"""
"""double 85 sun blocking draperies"""
"""double 86 black out curtain"""
"""double 86 sun block curtain"""
"""double 86 sun blocking curtain"""
"""double 86 black out drape"""
"""double 86 sun block drape"""
"""double 86 sun blocking drape"""
"""double 86 black out drapery"""
"""double 86 sun block drapery"""
"""double 86 sun blocking drapery"""
"""double 86 black out panel"""
"""double 86 sun block panel"""
"""double 86 sun blocking panel"""
"""double 86 black out window curtain"""
"""double 86 sun block window curtain"""
"""double 86 sun blocking window curtain"""
"""double 86 black out draperies"""
"""double 86 sun block draperies"""
"""double 86 sun blocking draperies"""
"""double 95 black out curtain"""
"""double 95 sun block curtain"""
"""double 95 sun blocking curtain"""
"""double 95 black out drape"""
"""double 95 sun block drape"""
"""double 95 sun blocking drape"""
"""double 95 black out drapery"""
"""double 95 sun block drapery"""
"""double 95 sun blocking drapery"""
"""double 95 black out panel"""
"""double 95 sun block panel"""
"""double 95 sun blocking panel"""
"""double 95 black out window curtain"""
"""double 95 sun block window curtain"""
"""double 95 sun blocking window curtain"""
"""double 95 black out draperies"""
"""double 95 sun block draperies"""
"""double 95 sun blocking draperies"""
"""double 96 black out curtain"""
"""double 96 sun block curtain"""
"""double 96 sun blocking curtain"""
"""double 96 black out drape"""
"""double 96 sun block drape"""
"""double 96 sun blocking drape"""
"""double 96 black out drapery"""
"""double 96 sun block drapery"""
"""double 96 sun blocking drapery"""
"""double 96 black out panel"""
"""double 96 sun block panel"""
"""double 96 sun blocking panel"""
"""double 96 black out window curtain"""
"""double 96 sun block window curtain"""
"""double 96 sun blocking window curtain"""
"""double 96 black out draperies"""
"""double 96 sun block draperies"""
"""double 96 sun blocking draperies"""
"""double 97 black out curtain"""
"""double 97 sun block curtain"""
"""double 97 sun blocking curtain"""
"""double 97 black out drape"""
"""double 97 sun block drape"""
"""double 97 sun blocking drape"""
"""double 97 black out drapery"""
"""double 97 sun block drapery"""
"""double 97 sun blocking drapery"""
"""double 97 black out panel"""
"""double 97 sun block panel"""
"""double 97 sun blocking panel"""
"""double 97 black out window curtain"""
"""double 97 sun block window curtain"""
"""double 97 sun blocking window curtain"""
"""double 97 black out draperies"""
"""double 97 sun block draperies"""
"""double 97 sun blocking draperies"""
"""double 107 black out curtain"""
"""double 107 sun block curtain"""
"""double 107 sun blocking curtain"""
"""double 107 black out drape"""
"""double 107 sun block drape"""
"""double 107 sun blocking drape"""
"""double 107 black out drapery"""
"""double 107 sun block drapery"""
"""double 107 sun blocking drapery"""
"""double 107 black out panel"""
"""double 107 sun block panel"""
"""double 107 sun blocking panel"""
"""double 107 black out window curtain"""
"""double 107 sun block window curtain"""
"""double 107 sun blocking window curtain"""
"""double 107 black out draperies"""
"""double 107 sun block draperies"""
"""double 107 sun blocking draperies"""
"""double 108 black out curtain"""
"""double 108 sun block curtain"""
"""double 108 sun blocking curtain"""
"""double 108 black out drape"""
"""double 108 sun block drape"""
"""double 108 sun blocking drape"""
"""double 108 black out drapery"""
"""double 108 sun block drapery"""
"""double 108 sun blocking drapery"""
"""double 108 black out panel"""
"""double 108 sun block panel"""
"""double 108 sun blocking panel"""
"""double 108 black out window curtain"""
"""double 108 sun block window curtain"""
"""double 108 sun blocking window curtain"""
"""double 108 black out draperies"""
"""double 108 sun block draperies"""
"""double 108 sun blocking draperies"""
"""double 109 black out curtain"""
"""double 109 sun block curtain"""
"""double 109 sun blocking curtain"""
"""double 109 black out drape"""
"""double 109 sun block drape"""
"""double 109 sun blocking drape"""
"""double 109 black out drapery"""
"""double 109 sun block drapery"""
"""double 109 sun blocking drapery"""
"""double 109 black out panel"""
"""double 109 sun block panel"""
"""double 109 sun blocking panel"""
"""double 109 black out window curtain"""
"""double 109 sun block window curtain"""
"""double 109 sun blocking window curtain"""
"""double 109 black out draperies"""
"""double 109 sun block draperies"""
"""double 109 sun blocking draperies"""
"""double 110 black out curtain"""
"""double 110 sun block curtain"""
"""double 110 sun blocking curtain"""
"""double 110 black out drape"""
"""double 110 sun block drape"""
"""double 110 sun blocking drape"""
"""double 110 black out drapery"""
"""double 110 sun block drapery"""
"""double 110 sun blocking drapery"""
"""double 110 black out panel"""
"""double 110 sun block panel"""
"""double 110 sun blocking panel"""
"""double 110 black out window curtain"""
"""double 110 sun block window curtain"""
"""double 110 sun blocking window curtain"""
"""double 110 black out draperies"""
"""double 110 sun block draperies"""
"""double 110 sun blocking draperies"""
"""double grommet black out curtain"""
"""double grommet sun block curtain"""
"""double grommet sun blocking curtain"""
"""double grommet black out drape"""
"""double grommet sun block drape"""
"""double grommet sun blocking drape"""
"""double grommet black out drapery"""
"""double grommet sun block drapery"""
"""double grommet sun blocking drapery"""
"""double grommet black out panel"""
"""double grommet sun block panel"""
"""double grommet sun blocking panel"""
"""double grommet black out window curtain"""
"""double grommet sun block window curtain"""
"""double grommet sun blocking window curtain"""
"""double grommet black out draperies"""
"""double grommet sun block draperies"""
"""double grommet sun blocking draperies"""
"""double coastal black out curtain"""
"""double coastal sun block curtain"""
"""double coastal sun blocking curtain"""
"""double coastal black out drape"""
"""double coastal sun block drape"""
"""double coastal sun blocking drape"""
"""double coastal black out drapery"""
"""double coastal sun block drapery"""
"""double coastal sun blocking drapery"""
"""double coastal black out panel"""
"""double coastal sun block panel"""
"""double coastal sun blocking panel"""
"""double coastal black out window curtain"""
"""double coastal sun block window curtain"""
"""double coastal sun blocking window curtain"""
"""double coastal black out draperies"""
"""double coastal sun block draperies"""
"""double coastal sun blocking draperies"""
"""double heavy black out curtain"""
"""double heavy sun block curtain"""
"""double heavy sun blocking curtain"""
"""double heavy black out drape"""
"""double heavy sun block drape"""
"""double heavy sun blocking drape"""
"""double heavy black out drapery"""
"""double heavy sun block drapery"""
"""double heavy sun blocking drapery"""
"""double heavy black out panel"""
"""double heavy sun block panel"""
"""double heavy sun blocking panel"""
"""double heavy black out window curtain"""
"""double heavy sun block window curtain"""
"""double heavy sun blocking window curtain"""
"""double heavy black out draperies"""
"""double heavy sun block draperies"""
"""double heavy sun blocking draperies"""
"""double modern black out curtain"""
"""double modern sun block curtain"""
"""double modern sun blocking curtain"""
"""double modern black out drape"""
"""double modern sun block drape"""
"""double modern sun blocking drape"""
"""double modern black out drapery"""
"""double modern sun block drapery"""
"""double modern sun blocking drapery"""
"""double modern black out panel"""
"""double modern sun block panel"""
"""double modern sun blocking panel"""
"""double modern black out window curtain"""
"""double modern sun block window curtain"""
"""double modern sun blocking window curtain"""
"""double modern black out draperies"""
"""double modern sun block draperies"""
"""double modern sun blocking draperies"""
"""double woven black out curtain"""
"""double woven sun block curtain"""
"""double woven sun blocking curtain"""
"""double woven black out drape"""
"""double woven sun block drape"""
"""double woven sun blocking drape"""
"""double woven black out drapery"""
"""double woven sun block drapery"""
"""double woven sun blocking drapery"""
"""double woven black out panel"""
"""double woven sun block panel"""
"""double woven sun blocking panel"""
"""double woven black out window curtain"""
"""double woven sun block window curtain"""
"""double woven sun blocking window curtain"""
"""double woven black out draperies"""
"""double woven sun block draperies"""
"""double woven sun blocking draperies"""
"""double linen black out curtain"""
"""double linen sun block curtain"""
"""double linen sun blocking curtain"""
"""double linen black out drape"""
"""double linen sun block drape"""
"""double linen sun blocking drape"""
"""double linen black out drapery"""
"""double linen sun block drapery"""
"""double linen sun blocking drapery"""
"""double linen black out panel"""
"""double linen sun block panel"""
"""double linen sun blocking panel"""
"""double linen black out window curtain"""
"""double linen sun block window curtain"""
"""double linen sun blocking window curtain"""
"""double linen black out draperies"""
"""double linen sun block draperies"""
"""double linen sun blocking draperies"""
"""double texture black out curtain"""
"""double texture sun block curtain"""
"""double texture sun blocking curtain"""
"""double texture black out drape"""
"""double texture sun block drape"""
"""double texture sun blocking drape"""
"""double texture black out drapery"""
"""double texture sun block drapery"""
"""double texture sun blocking drapery"""
"""double texture black out panel"""
"""double texture sun block panel"""
"""double texture sun blocking panel"""
"""double texture black out window curtain"""
"""double texture sun block window curtain"""
"""double texture sun blocking window curtain"""
"""double texture black out draperies"""
"""double texture sun block draperies"""
"""double texture sun blocking draperies"""
"""double tweed black out curtain"""
"""double tweed sun block curtain"""
"""double tweed sun blocking curtain"""
"""double tweed black out drape"""
"""double tweed sun block drape"""
"""double tweed sun blocking drape"""
"""double tweed black out drapery"""
"""double tweed sun block drapery"""
"""double tweed sun blocking drapery"""
"""double tweed black out panel"""
"""double tweed sun block panel"""
"""double tweed sun blocking panel"""
"""double tweed black out window curtain"""
"""double tweed sun block window curtain"""
"""double tweed sun blocking window curtain"""
"""double tweed black out draperies"""
"""double tweed sun block draperies"""
"""double tweed sun blocking draperies"""
"""double chambray black out curtain"""
"""double chambray sun block curtain"""
"""double chambray sun blocking curtain"""
"""double chambray black out drape"""
"""double chambray sun block drape"""
"""double chambray sun blocking drape"""
"""double chambray black out drapery"""
"""double chambray sun block drapery"""
"""double chambray sun blocking drapery"""
"""double chambray black out panel"""
"""double chambray sun block panel"""
"""double chambray sun blocking panel"""
"""double chambray black out window curtain"""
"""double chambray sun block window curtain"""
"""double chambray sun blocking window curtain"""
"""double chambray black out draperies"""
"""double chambray sun block draperies"""
"""double chambray sun blocking draperies"""
"""double ring top black out curtain"""
"""double ring top sun block curtain"""
"""double ring top sun blocking curtain"""
"""double ring top black out drape"""
"""double ring top sun block drape"""
"""double ring top sun blocking drape"""
"""double ring top black out drapery"""
"""double ring top sun block drapery"""
"""double ring top sun blocking drapery"""
"""double ring top black out panel"""
"""double ring top sun block panel"""
"""double ring top sun blocking panel"""
"""double ring top black out window curtain"""
"""double ring top sun block window curtain"""
"""double ring top sun blocking window curtain"""
"""double ring top black out draperies"""
"""double ring top sun block draperies"""
"""double ring top sun blocking draperies"""
"""double farmhouse black out curtain"""
"""double farmhouse sun block curtain"""
"""double farmhouse sun blocking curtain"""
"""double farmhouse black out drape"""
"""double farmhouse sun block drape"""
"""double farmhouse sun blocking drape"""
"""double farmhouse black out drapery"""
"""double farmhouse sun block drapery"""
"""double farmhouse sun blocking drapery"""
"""double farmhouse black out panel"""
"""double farmhouse sun block panel"""
"""double farmhouse sun blocking panel"""
"""double farmhouse black out window curtain"""
"""double farmhouse sun block window curtain"""
"""double farmhouse sun blocking window curtain"""
"""double farmhouse black out draperies"""
"""double farmhouse sun block draperies"""
"""double farmhouse sun blocking draperies"""
"""double farm house black out curtain"""
"""double farm house sun block curtain"""
"""double farm house sun blocking curtain"""
"""double farm house black out drape"""
"""double farm house sun block drape"""
"""double farm house sun blocking drape"""
"""double farm house black out drapery"""
"""double farm house sun block drapery"""
"""double farm house sun blocking drapery"""
"""double farm house black out panel"""
"""double farm house sun block panel"""
"""double farm house sun blocking panel"""
"""double farm house black out window curtain"""
"""double farm house sun block window curtain"""
"""double farm house sun blocking window curtain"""
"""double farm house black out draperies"""
"""double farm house sun block draperies"""
"""double farm house sun blocking draperies"""
"""double semi sheer black out curtain"""
"""double semi sheer sun block curtain"""
"""double semi sheer sun blocking curtain"""
"""double semi sheer black out drape"""
"""double semi sheer sun block drape"""
"""double semi sheer sun blocking drape"""
"""double semi sheer black out drapery"""
"""double semi sheer sun block drapery"""
"""double semi sheer sun blocking drapery"""
"""double semi sheer black out panel"""
"""double semi sheer sun block panel"""
"""double semi sheer sun blocking panel"""
"""double semi sheer black out window curtain"""
"""double semi sheer sun block window curtain"""
"""double semi sheer sun blocking window curtain"""
"""double semi sheer black out draperies"""
"""double semi sheer sun block draperies"""
"""double semi sheer sun blocking draperies"""
"""double rustic black out curtain"""
"""double rustic sun block curtain"""
"""double rustic sun blocking curtain"""
"""double rustic black out drape"""
"""double rustic sun block drape"""
"""double rustic sun blocking drape"""
"""double rustic black out drapery"""
"""double rustic sun block drapery"""
"""double rustic sun blocking drapery"""
"""double rustic black out panel"""
"""double rustic sun block panel"""
"""double rustic sun blocking panel"""
"""double rustic black out window curtain"""
"""double rustic sun block window curtain"""
"""double rustic sun blocking window curtain"""
"""double rustic black out draperies"""
"""double rustic sun block draperies"""
"""double rustic sun blocking draperies"""
"""double thermal black out curtain"""
"""double thermal sun block curtain"""
"""double thermal sun blocking curtain"""
"""double thermal black out drape"""
"""double thermal sun block drape"""
"""double thermal sun blocking drape"""
"""double thermal black out drapery"""
"""double thermal sun block drapery"""
"""double thermal sun blocking drapery"""
"""double thermal black out panel"""
"""double thermal sun block panel"""
"""double thermal sun blocking panel"""
"""double thermal black out window curtain"""
"""double thermal sun block window curtain"""
"""double thermal sun blocking window curtain"""
"""double thermal black out draperies"""
"""double thermal sun block draperies"""
"""double thermal sun blocking draperies"""
"""double insulated black out curtain"""
"""double insulated sun block curtain"""
"""double insulated sun blocking curtain"""
"""double insulated black out drape"""
"""double insulated sun block drape"""
"""double insulated sun blocking drape"""
"""double insulated black out drapery"""
"""double insulated sun block drapery"""
"""double insulated sun blocking drapery"""
"""double insulated black out panel"""
"""double insulated sun block panel"""
"""double insulated sun blocking panel"""
"""double insulated black out window curtain"""
"""double insulated sun block window curtain"""
"""double insulated sun blocking window curtain"""
"""double insulated black out draperies"""
"""double insulated sun block draperies"""
"""double insulated sun blocking draperies"""
"""double insulate black out curtain"""
"""double insulate sun block curtain"""
"""double insulate sun blocking curtain"""
"""double insulate black out drape"""
"""double insulate sun block drape"""
"""double insulate sun blocking drape"""
"""double insulate black out drapery"""
"""double insulate sun block drapery"""
"""double insulate sun blocking drapery"""
"""double insulate black out panel"""
"""double insulate sun block panel"""
"""double insulate sun blocking panel"""
"""double insulate black out window curtain"""
"""double insulate sun block window curtain"""
"""double insulate sun blocking window curtain"""
"""double insulate black out draperies"""
"""double insulate sun block draperies"""
"""double insulate sun blocking draperies"""
"""double sound black out curtain"""
"""double sound sun block curtain"""
"""double sound sun blocking curtain"""
"""double sound black out drape"""
"""double sound sun block drape"""
"""double sound sun blocking drape"""
"""double sound black out drapery"""
"""double sound sun block drapery"""
"""double sound sun blocking drapery"""
"""double sound black out panel"""
"""double sound sun block panel"""
"""double sound sun blocking panel"""
"""double sound black out window curtain"""
"""double sound sun block window curtain"""
"""double sound sun blocking window curtain"""
"""double sound black out draperies"""
"""double sound sun block draperies"""
"""double sound sun blocking draperies"""
"""double patio black out curtain"""
"""double patio sun block curtain"""
"""double patio sun blocking curtain"""
"""double patio black out drape"""
"""double patio sun block drape"""
"""double patio sun blocking drape"""
"""double patio black out drapery"""
"""double patio sun block drapery"""
"""double patio sun blocking drapery"""
"""double patio black out panel"""
"""double patio sun block panel"""
"""double patio sun blocking panel"""
"""double patio black out window curtain"""
"""double patio sun block window curtain"""
"""double patio sun blocking window curtain"""
"""double patio black out draperies"""
"""double patio sun block draperies"""
"""double patio sun blocking draperies"""
"""double extra wide black out curtain"""
"""double extra wide sun block curtain"""
"""double extra wide sun blocking curtain"""
"""double extra wide black out drape"""
"""double extra wide sun block drape"""
"""double extra wide sun blocking drape"""
"""double extra wide black out drapery"""
"""double extra wide sun block drapery"""
"""double extra wide sun blocking drapery"""
"""double extra wide black out panel"""
"""double extra wide sun block panel"""
"""double extra wide sun blocking panel"""
"""double extra wide black out window curtain"""
"""double extra wide sun block window curtain"""
"""double extra wide sun blocking window curtain"""
"""double extra wide black out draperies"""
"""double extra wide sun block draperies"""
"""double extra wide sun blocking draperies"""
"""double wide black out curtain"""
"""double wide sun block curtain"""
"""double wide sun blocking curtain"""
"""double wide black out drape"""
"""double wide sun block drape"""
"""double wide sun blocking drape"""
"""double wide black out drapery"""
"""double wide sun block drapery"""
"""double wide sun blocking drapery"""
"""double wide black out panel"""
"""double wide sun block panel"""
"""double wide sun blocking panel"""
"""double wide black out window curtain"""
"""double wide sun block window curtain"""
"""double wide sun blocking window curtain"""
"""double wide black out draperies"""
"""double wide sun block draperies"""
"""double wide sun blocking draperies"""
"""double double black out curtain"""
"""double double sun block curtain"""
"""double double sun blocking curtain"""
"""double double black out drape"""
"""double double sun block drape"""
"""double double sun blocking drape"""
"""double double black out drapery"""
"""double double sun block drapery"""
"""double double sun blocking drapery"""
"""double double black out panel"""
"""double double sun block panel"""
"""double double sun blocking panel"""
"""double double black out window curtain"""
"""double double sun block window curtain"""
"""double double sun blocking window curtain"""
"""double double black out draperies"""
"""double double sun block draperies"""
"""double double sun blocking draperies"""
"""double boho black out curtain"""
"""double boho sun block curtain"""
"""double boho sun blocking curtain"""
"""double boho black out drape"""
"""double boho sun block drape"""
"""double boho sun blocking drape"""
"""double boho black out drapery"""
"""double boho sun block drapery"""
"""double boho sun blocking drapery"""
"""double boho black out panel"""
"""double boho sun block panel"""
"""double boho sun blocking panel"""
"""double boho black out window curtain"""
"""double boho sun block window curtain"""
"""double boho sun blocking window curtain"""
"""double boho black out draperies"""
"""double boho sun block draperies"""
"""double boho sun blocking draperies"""
"""double bohemian black out curtain"""
"""double bohemian sun block curtain"""
"""double bohemian sun blocking curtain"""
"""double bohemian black out drape"""
"""double bohemian sun block drape"""
"""double bohemian sun blocking drape"""
"""double bohemian black out drapery"""
"""double bohemian sun block drapery"""
"""double bohemian sun blocking drapery"""
"""double bohemian black out panel"""
"""double bohemian sun block panel"""
"""double bohemian sun blocking panel"""
"""double bohemian black out window curtain"""
"""double bohemian sun block window curtain"""
"""double bohemian sun blocking window curtain"""
"""double bohemian black out draperies"""
"""double bohemian sun block draperies"""
"""double bohemian sun blocking draperies"""
"""woven patio black out curtain"""
"""woven patio sun block curtain"""
"""woven patio sun blocking curtain"""
"""woven patio black out drape"""
"""woven patio sun block drape"""
"""woven patio sun blocking drape"""
"""woven patio black out drapery"""
"""woven patio sun block drapery"""
"""woven patio sun blocking drapery"""
"""woven patio black out panel"""
"""woven patio sun block panel"""
"""woven patio sun blocking panel"""
"""woven patio black out window curtain"""
"""woven patio sun block window curtain"""
"""woven patio sun blocking window curtain"""
"""woven patio black out draperies"""
"""woven patio sun block draperies"""
"""woven patio sun blocking draperies"""
"""woven extra wide black out curtain"""
"""woven extra wide sun block curtain"""
"""woven extra wide sun blocking curtain"""
"""woven extra wide black out drape"""
"""woven extra wide sun block drape"""
"""woven extra wide sun blocking drape"""
"""woven extra wide black out drapery"""
"""woven extra wide sun block drapery"""
"""woven extra wide sun blocking drapery"""
"""woven extra wide black out panel"""
"""woven extra wide sun block panel"""
"""woven extra wide sun blocking panel"""
"""woven extra wide black out window curtain"""
"""woven extra wide sun block window curtain"""
"""woven extra wide sun blocking window curtain"""
"""woven extra wide black out draperies"""
"""woven extra wide sun block draperies"""
"""woven extra wide sun blocking draperies"""
"""woven wide black out curtain"""
"""woven wide sun block curtain"""
"""woven wide sun blocking curtain"""
"""woven wide black out drape"""
"""woven wide sun block drape"""
"""woven wide sun blocking drape"""
"""woven wide black out drapery"""
"""woven wide sun block drapery"""
"""woven wide sun blocking drapery"""
"""woven wide black out panel"""
"""woven wide sun block panel"""
"""woven wide sun blocking panel"""
"""woven wide black out window curtain"""
"""woven wide sun block window curtain"""
"""woven wide sun blocking window curtain"""
"""woven wide black out draperies"""
"""woven wide sun block draperies"""
"""woven wide sun blocking draperies"""
"""woven double black out curtain"""
"""woven double sun block curtain"""
"""woven double sun blocking curtain"""
"""woven double black out drape"""
"""woven double sun block drape"""
"""woven double sun blocking drape"""
"""woven double black out drapery"""
"""woven double sun block drapery"""
"""woven double sun blocking drapery"""
"""woven double black out panel"""
"""woven double sun block panel"""
"""woven double sun blocking panel"""
"""woven double black out window curtain"""
"""woven double sun block window curtain"""
"""woven double sun blocking window curtain"""
"""woven double black out draperies"""
"""woven double sun block draperies"""
"""woven double sun blocking draperies"""
"""woven boho black out curtain"""
"""woven boho sun block curtain"""
"""woven boho sun blocking curtain"""
"""woven boho black out drape"""
"""woven boho sun block drape"""
"""woven boho sun blocking drape"""
"""woven boho black out drapery"""
"""woven boho sun block drapery"""
"""woven boho sun blocking drapery"""
"""woven boho black out panel"""
"""woven boho sun block panel"""
"""woven boho sun blocking panel"""
"""woven boho black out window curtain"""
"""woven boho sun block window curtain"""
"""woven boho sun blocking window curtain"""
"""woven boho black out draperies"""
"""woven boho sun block draperies"""
"""woven boho sun blocking draperies"""
"""woven bohemian black out curtain"""
"""woven bohemian sun block curtain"""
"""woven bohemian sun blocking curtain"""
"""woven bohemian black out drape"""
"""woven bohemian sun block drape"""
"""woven bohemian sun blocking drape"""
"""woven bohemian black out drapery"""
"""woven bohemian sun block drapery"""
"""woven bohemian sun blocking drapery"""
"""woven bohemian black out panel"""
"""woven bohemian sun block panel"""
"""woven bohemian sun blocking panel"""
"""woven bohemian black out window curtain"""
"""woven bohemian sun block window curtain"""
"""woven bohemian sun blocking window curtain"""
"""woven bohemian black out draperies"""
"""woven bohemian sun block draperies"""
"""woven bohemian sun blocking draperies"""
"""linen patio black out curtain"""
"""linen patio sun block curtain"""
"""linen patio sun blocking curtain"""
"""linen patio black out drape"""
"""linen patio sun block drape"""
"""linen patio sun blocking drape"""
"""linen patio black out drapery"""
"""linen patio sun block drapery"""
"""linen patio sun blocking drapery"""
"""linen patio black out panel"""
"""linen patio sun block panel"""
"""linen patio sun blocking panel"""
"""linen patio black out window curtain"""
"""linen patio sun block window curtain"""
"""linen patio sun blocking window curtain"""
"""linen patio black out draperies"""
"""linen patio sun block draperies"""
"""linen patio sun blocking draperies"""
"""linen extra wide black out curtain"""
"""linen extra wide sun block curtain"""
"""linen extra wide sun blocking curtain"""
"""linen extra wide black out drape"""
"""linen extra wide sun block drape"""
"""linen extra wide sun blocking drape"""
"""linen extra wide black out drapery"""
"""linen extra wide sun block drapery"""
"""linen extra wide sun blocking drapery"""
"""linen extra wide black out panel"""
"""linen extra wide sun block panel"""
"""linen extra wide sun blocking panel"""
"""linen extra wide black out window curtain"""
"""linen extra wide sun block window curtain"""
"""linen extra wide sun blocking window curtain"""
"""linen extra wide black out draperies"""
"""linen extra wide sun block draperies"""
"""linen extra wide sun blocking draperies"""
"""linen wide black out curtain"""
"""linen wide sun block curtain"""
"""linen wide sun blocking curtain"""
"""linen wide black out drape"""
"""linen wide sun block drape"""
"""linen wide sun blocking drape"""
"""linen wide black out drapery"""
"""linen wide sun block drapery"""
"""linen wide sun blocking drapery"""
"""linen wide black out panel"""
"""linen wide sun block panel"""
"""linen wide sun blocking panel"""
"""linen wide black out window curtain"""
"""linen wide sun block window curtain"""
"""linen wide sun blocking window curtain"""
"""linen wide black out draperies"""
"""linen wide sun block draperies"""
"""linen wide sun blocking draperies"""
"""linen double black out curtain"""
"""linen double sun block curtain"""
"""linen double sun blocking curtain"""
"""linen double black out drape"""
"""linen double sun block drape"""
"""linen double sun blocking drape"""
"""linen double black out drapery"""
"""linen double sun block drapery"""
"""linen double sun blocking drapery"""
"""linen double black out panel"""
"""linen double sun block panel"""
"""linen double sun blocking panel"""
"""linen double black out window curtain"""
"""linen double sun block window curtain"""
"""linen double sun blocking window curtain"""
"""linen double black out draperies"""
"""linen double sun block draperies"""
"""linen double sun blocking draperies"""
"""linen boho black out curtain"""
"""linen boho sun block curtain"""
"""linen boho sun blocking curtain"""
"""linen boho black out drape"""
"""linen boho sun block drape"""
"""linen boho sun blocking drape"""
"""linen boho black out drapery"""
"""linen boho sun block drapery"""
"""linen boho sun blocking drapery"""
"""linen boho black out panel"""
"""linen boho sun block panel"""
"""linen boho sun blocking panel"""
"""linen boho black out window curtain"""
"""linen boho sun block window curtain"""
"""linen boho sun blocking window curtain"""
"""linen boho black out draperies"""
"""linen boho sun block draperies"""
"""linen boho sun blocking draperies"""
"""linen bohemian black out curtain"""
"""linen bohemian sun block curtain"""
"""linen bohemian sun blocking curtain"""
"""linen bohemian black out drape"""
"""linen bohemian sun block drape"""
"""linen bohemian sun blocking drape"""
"""linen bohemian black out drapery"""
"""linen bohemian sun block drapery"""
"""linen bohemian sun blocking drapery"""
"""linen bohemian black out panel"""
"""linen bohemian sun block panel"""
"""linen bohemian sun blocking panel"""
"""linen bohemian black out window curtain"""
"""linen bohemian sun block window curtain"""
"""linen bohemian sun blocking window curtain"""
"""linen bohemian black out draperies"""
"""linen bohemian sun block draperies"""
"""linen bohemian sun blocking draperies"""
"""texture patio black out curtain"""
"""texture patio sun block curtain"""
"""texture patio sun blocking curtain"""
"""texture patio black out drape"""
"""texture patio sun block drape"""
"""texture patio sun blocking drape"""
"""texture patio black out drapery"""
"""texture patio sun block drapery"""
"""texture patio sun blocking drapery"""
"""texture patio black out panel"""
"""texture patio sun block panel"""
"""texture patio sun blocking panel"""
"""texture patio black out window curtain"""
"""texture patio sun block window curtain"""
"""texture patio sun blocking window curtain"""
"""texture patio black out draperies"""
"""texture patio sun block draperies"""
"""texture patio sun blocking draperies"""
"""texture extra wide black out curtain"""
"""texture extra wide sun block curtain"""
"""texture extra wide sun blocking curtain"""
"""texture extra wide black out drape"""
"""texture extra wide sun block drape"""
"""texture extra wide sun blocking drape"""
"""texture extra wide black out drapery"""
"""texture extra wide sun block drapery"""
"""texture extra wide sun blocking drapery"""
"""texture extra wide black out panel"""
"""texture extra wide sun block panel"""
"""texture extra wide sun blocking panel"""
"""texture extra wide black out window curtain"""
"""texture extra wide sun block window curtain"""
"""texture extra wide sun blocking window curtain"""
"""texture extra wide black out draperies"""
"""texture extra wide sun block draperies"""
"""texture extra wide sun blocking draperies"""
"""texture wide black out curtain"""
"""texture wide sun block curtain"""
"""texture wide sun blocking curtain"""
"""texture wide black out drape"""
"""texture wide sun block drape"""
"""texture wide sun blocking drape"""
"""texture wide black out drapery"""
"""texture wide sun block drapery"""
"""texture wide sun blocking drapery"""
"""texture wide black out panel"""
"""texture wide sun block panel"""
"""texture wide sun blocking panel"""
"""texture wide black out window curtain"""
"""texture wide sun block window curtain"""
"""texture wide sun blocking window curtain"""
"""texture wide black out draperies"""
"""texture wide sun block draperies"""
"""texture wide sun blocking draperies"""
"""texture double black out curtain"""
"""texture double sun block curtain"""
"""texture double sun blocking curtain"""
"""texture double black out drape"""
"""texture double sun block drape"""
"""texture double sun blocking drape"""
"""texture double black out drapery"""
"""texture double sun block drapery"""
"""texture double sun blocking drapery"""
"""texture double black out panel"""
"""texture double sun block panel"""
"""texture double sun blocking panel"""
"""texture double black out window curtain"""
"""texture double sun block window curtain"""
"""texture double sun blocking window curtain"""
"""texture double black out draperies"""
"""texture double sun block draperies"""
"""texture double sun blocking draperies"""
"""texture boho black out curtain"""
"""texture boho sun block curtain"""
"""texture boho sun blocking curtain"""
"""texture boho black out drape"""
"""texture boho sun block drape"""
"""texture boho sun blocking drape"""
"""texture boho black out drapery"""
"""texture boho sun block drapery"""
"""texture boho sun blocking drapery"""
"""texture boho black out panel"""
"""texture boho sun block panel"""
"""texture boho sun blocking panel"""
"""texture boho black out window curtain"""
"""texture boho sun block window curtain"""
"""texture boho sun blocking window curtain"""
"""texture boho black out draperies"""
"""texture boho sun block draperies"""
"""texture boho sun blocking draperies"""
"""texture bohemian black out curtain"""
"""texture bohemian sun block curtain"""
"""texture bohemian sun blocking curtain"""
"""texture bohemian black out drape"""
"""texture bohemian sun block drape"""
"""texture bohemian sun blocking drape"""
"""texture bohemian black out drapery"""
"""texture bohemian sun block drapery"""
"""texture bohemian sun blocking drapery"""
"""texture bohemian black out panel"""
"""texture bohemian sun block panel"""
"""texture bohemian sun blocking panel"""
"""texture bohemian black out window curtain"""
"""texture bohemian sun block window curtain"""
"""texture bohemian sun blocking window curtain"""
"""texture bohemian black out draperies"""
"""texture bohemian sun block draperies"""
"""texture bohemian sun blocking draperies"""
"""tweed patio black out curtain"""
"""tweed patio sun block curtain"""
"""tweed patio sun blocking curtain"""
"""tweed patio black out drape"""
"""tweed patio sun block drape"""
"""tweed patio sun blocking drape"""
"""tweed patio black out drapery"""
"""tweed patio sun block drapery"""
"""tweed patio sun blocking drapery"""
"""tweed patio black out panel"""
"""tweed patio sun block panel"""
"""tweed patio sun blocking panel"""
"""tweed patio black out window curtain"""
"""tweed patio sun block window curtain"""
"""tweed patio sun blocking window curtain"""
"""tweed patio black out draperies"""
"""tweed patio sun block draperies"""
"""tweed patio sun blocking draperies"""
"""tweed extra wide black out curtain"""
"""tweed extra wide sun block curtain"""
"""tweed extra wide sun blocking curtain"""
"""tweed extra wide black out drape"""
"""tweed extra wide sun block drape"""
"""tweed extra wide sun blocking drape"""
"""tweed extra wide black out drapery"""
"""tweed extra wide sun block drapery"""
"""tweed extra wide sun blocking drapery"""
"""tweed extra wide black out panel"""
"""tweed extra wide sun block panel"""
"""tweed extra wide sun blocking panel"""
"""tweed extra wide black out window curtain"""
"""tweed extra wide sun block window curtain"""
"""tweed extra wide sun blocking window curtain"""
"""tweed extra wide black out draperies"""
"""tweed extra wide sun block draperies"""
"""tweed extra wide sun blocking draperies"""
"""tweed wide black out curtain"""
"""tweed wide sun block curtain"""
"""tweed wide sun blocking curtain"""
"""tweed wide black out drape"""
"""tweed wide sun block drape"""
"""tweed wide sun blocking drape"""
"""tweed wide black out drapery"""
"""tweed wide sun block drapery"""
"""tweed wide sun blocking drapery"""
"""tweed wide black out panel"""
"""tweed wide sun block panel"""
"""tweed wide sun blocking panel"""
"""tweed wide black out window curtain"""
"""tweed wide sun block window curtain"""
"""tweed wide sun blocking window curtain"""
"""tweed wide black out draperies"""
"""tweed wide sun block draperies"""
"""tweed wide sun blocking draperies"""
"""tweed double black out curtain"""
"""tweed double sun block curtain"""
"""tweed double sun blocking curtain"""
"""tweed double black out drape"""
"""tweed double sun block drape"""
"""tweed double sun blocking drape"""
"""tweed double black out drapery"""
"""tweed double sun block drapery"""
"""tweed double sun blocking drapery"""
"""tweed double black out panel"""
"""tweed double sun block panel"""
"""tweed double sun blocking panel"""
"""tweed double black out window curtain"""
"""tweed double sun block window curtain"""
"""tweed double sun blocking window curtain"""
"""tweed double black out draperies"""
"""tweed double sun block draperies"""
"""tweed double sun blocking draperies"""
"""tweed boho black out curtain"""
"""tweed boho sun block curtain"""
"""tweed boho sun blocking curtain"""
"""tweed boho black out drape"""
"""tweed boho sun block drape"""
"""tweed boho sun blocking drape"""
"""tweed boho black out drapery"""
"""tweed boho sun block drapery"""
"""tweed boho sun blocking drapery"""
"""tweed boho black out panel"""
"""tweed boho sun block panel"""
"""tweed boho sun blocking panel"""
"""tweed boho black out window curtain"""
"""tweed boho sun block window curtain"""
"""tweed boho sun blocking window curtain"""
"""tweed boho black out draperies"""
"""tweed boho sun block draperies"""
"""tweed boho sun blocking draperies"""
"""tweed bohemian black out curtain"""
"""tweed bohemian sun block curtain"""
"""tweed bohemian sun blocking curtain"""
"""tweed bohemian black out drape"""
"""tweed bohemian sun block drape"""
"""tweed bohemian sun blocking drape"""
"""tweed bohemian black out drapery"""
"""tweed bohemian sun block drapery"""
"""tweed bohemian sun blocking drapery"""
"""tweed bohemian black out panel"""
"""tweed bohemian sun block panel"""
"""tweed bohemian sun blocking panel"""
"""tweed bohemian black out window curtain"""
"""tweed bohemian sun block window curtain"""
"""tweed bohemian sun blocking window curtain"""
"""tweed bohemian black out draperies"""
"""tweed bohemian sun block draperies"""
"""tweed bohemian sun blocking draperies"""
"""chambray patio black out curtain"""
"""chambray patio sun block curtain"""
"""chambray patio sun blocking curtain"""
"""chambray patio black out drape"""
"""chambray patio sun block drape"""
"""chambray patio sun blocking drape"""
"""chambray patio black out drapery"""
"""chambray patio sun block drapery"""
"""chambray patio sun blocking drapery"""
"""chambray patio black out panel"""
"""chambray patio sun block panel"""
"""chambray patio sun blocking panel"""
"""chambray patio black out window curtain"""
"""chambray patio sun block window curtain"""
"""chambray patio sun blocking window curtain"""
"""chambray patio black out draperies"""
"""chambray patio sun block draperies"""
"""chambray patio sun blocking draperies"""
"""chambray extra wide black out curtain"""
"""chambray extra wide sun block curtain"""
"""chambray extra wide sun blocking curtain"""
"""chambray extra wide black out drape"""
"""chambray extra wide sun block drape"""
"""chambray extra wide sun blocking drape"""
"""chambray extra wide black out drapery"""
"""chambray extra wide sun block drapery"""
"""chambray extra wide sun blocking drapery"""
"""chambray extra wide black out panel"""
"""chambray extra wide sun block panel"""
"""chambray extra wide sun blocking panel"""
"""chambray extra wide black out window curtain"""
"""chambray extra wide sun block window curtain"""
"""chambray extra wide sun blocking window curtain"""
"""chambray extra wide black out draperies"""
"""chambray extra wide sun block draperies"""
"""chambray extra wide sun blocking draperies"""
"""chambray wide black out curtain"""
"""chambray wide sun block curtain"""
"""chambray wide sun blocking curtain"""
"""chambray wide black out drape"""
"""chambray wide sun block drape"""
"""chambray wide sun blocking drape"""
"""chambray wide black out drapery"""
"""chambray wide sun block drapery"""
"""chambray wide sun blocking drapery"""
"""chambray wide black out panel"""
"""chambray wide sun block panel"""
"""chambray wide sun blocking panel"""
"""chambray wide black out window curtain"""
"""chambray wide sun block window curtain"""
"""chambray wide sun blocking window curtain"""
"""chambray wide black out draperies"""
"""chambray wide sun block draperies"""
"""chambray wide sun blocking draperies"""
"""chambray double black out curtain"""
"""chambray double sun block curtain"""
"""chambray double sun blocking curtain"""
"""chambray double black out drape"""
"""chambray double sun block drape"""
"""chambray double sun blocking drape"""
"""chambray double black out drapery"""
"""chambray double sun block drapery"""
"""chambray double sun blocking drapery"""
"""chambray double black out panel"""
"""chambray double sun block panel"""
"""chambray double sun blocking panel"""
"""chambray double black out window curtain"""
"""chambray double sun block window curtain"""
"""chambray double sun blocking window curtain"""
"""chambray double black out draperies"""
"""chambray double sun block draperies"""
"""chambray double sun blocking draperies"""
